              0              0              0              0
    0.090909091     0.37114723     0.50620471     0.26680409
     0.18181818     0.40932724     0.65586946     0.37590135
     0.27272727       0.313358     0.66188771     0.52656924
     0.36363636     0.16334131     0.61003216     0.73224148
     0.45454545  -0.0084505678     0.53485984      1.0157996
     0.54545455  -0.0028026567      0.4502934      1.0062241
     0.63636364 -0.00068930791     0.36194216      1.0019045
     0.72727273 -5.8347124e-26     0.27206607              1
     0.81818182   0.0001155756     0.18157563     0.99936349
     0.90909091  0.00013913612    0.090837678      0.9984683
              1              0              0              0