              0              0              0              0
   0.0099009901    0.084197956    0.084365719   0.0019885218
     0.01980198     0.15951704     0.15984531   0.0020536762
     0.02970297     0.22679423     0.22727644   0.0021216729
     0.03960396     0.28678761     0.28741779   0.0021925915
     0.04950495     0.34018378     0.34095657   0.0022665124
    0.059405941     0.38760466     0.38851515    0.002343517
    0.069306931      0.4296135     0.43065728   0.0024236878
    0.079207921     0.46672048     0.46789354   0.0025071089
    0.089108911     0.49938767     0.50068639   0.0025938656
    0.099009901     0.52803361     0.52945469   0.0026840451
     0.10891089     0.55303736     0.55457783   0.0027777363
     0.11881188     0.57474225     0.57639941   0.0028750306
     0.12871287     0.59345925     0.59523067   0.0029760215
     0.13861386     0.60947003     0.61135349   0.0030808054
     0.14851485     0.62302969     0.62502319   0.0031894816
     0.15841584     0.63436928       0.636471   0.0033021529
     0.16831683     0.64369809     0.64590639   0.0034189259
     0.17821782     0.65120565     0.65351905    0.003539911
     0.18811881     0.65706367     0.65948081   0.0036652234
      0.1980198     0.66142762     0.66394729   0.0037949831
     0.20792079     0.66443835     0.66705944   0.0039293158
     0.21782178     0.66622343     0.66894494    0.004068353
     0.22772277     0.66689839     0.66971941   0.0042122325
     0.23762376     0.66656788     0.66948758   0.0043610994
     0.24752475     0.66532668     0.66834432   0.0045151064
     0.25742574     0.66326064     0.66637555   0.0046744146
     0.26732673      0.6604475     0.66365908   0.0048391938
     0.27722772     0.65695771     0.66026539   0.0050096239
     0.28712871     0.65285504     0.65625833    0.005185895
      0.2970297     0.64819727     0.65169571   0.0053682089
     0.30693069     0.64303672      0.6466299   0.0055567795
     0.31683168      0.6374208     0.64110834   0.0057518339
     0.32673267     0.63139242       0.635174   0.0059536137
     0.33663366     0.62499046     0.62886577   0.0061623758
     0.34653465     0.61825015     0.62221891   0.0063783939
     0.35643564     0.61120338     0.61526534   0.0066019597
     0.36633663     0.60387903     0.60803396   0.0068333844
     0.37623762     0.59630328     0.60055098   0.0070730002
     0.38613861     0.58849982      0.5928401   0.0073211622
      0.3960396     0.58049012     0.58492281   0.0075782501
     0.40594059     0.57229362     0.57681857   0.0078446703
     0.41584158     0.56392792     0.56854499   0.0081208583
     0.42574257     0.55540898     0.56011805   0.0084072812
     0.43564356     0.54675124      0.5515522   0.0087044403
     0.44554455      0.5379678     0.54286053   0.0090128743
     0.45544554     0.52907048     0.53405491   0.0093331624
     0.46534653     0.52007004     0.52514607   0.0096659284
     0.47524752     0.51097619     0.51614374    0.010011845
     0.48514851     0.50179774     0.50705675    0.010371638
      0.4950495     0.49254266     0.49789307     0.01074609
      0.5049505     0.48321818     0.48865992    0.011136052
     0.51485149     0.47383084     0.47936386    0.011542441
     0.52475248     0.46438656     0.47001083    0.011966256
     0.53465347     0.45489071     0.46060617    0.012408579
     0.54455446     0.44534815     0.45115478     0.01287059
     0.55445545     0.43576329     0.44166104    0.013353575
     0.56435644     0.42614011     0.43212896    0.013858937
     0.57425743     0.41648223     0.42256214    0.014388213
     0.58415842     0.40679291     0.41296387    0.014943085
     0.59405941     0.39707513      0.4033371    0.015525404
      0.6039604     0.38733155     0.39368452    0.016137203
     0.61386139     0.37756463     0.38400857     0.01678073
     0.62376238     0.36777654     0.37431145    0.017458466
     0.63366337      0.3579693     0.36459515    0.018173164
     0.64356436     0.34814471     0.35486148    0.018927884
     0.65346535     0.33830439     0.34511209    0.019726037
     0.66336634     0.32844985     0.33534844    0.020571436
     0.67326733      0.3185824      0.3255719    0.021468357
     0.68316832     0.30870328     0.31578366    0.022421613
     0.69306931     0.29881358     0.30598484    0.023436637
      0.7029703      0.2889143     0.29617642    0.024519589
     0.71287129     0.27900634     0.28635933    0.025677479
     0.72277228     0.26909052     0.27653436    0.026918321
     0.73267327     0.25916759     0.26670228    0.028251315
     0.74257426      0.2492382     0.25686374     0.02968708
     0.75247525     0.23930298     0.24701935    0.031237931
     0.76237624     0.22936247     0.23716967    0.032918241
     0.77227723     0.21941716      0.2273152     0.03474488
     0.78217822     0.20946752     0.21745639     0.03673779
     0.79207921     0.19951395     0.20759364    0.038920708
      0.8019802     0.18955681     0.19772733    0.041322122
     0.81188119     0.17959646     0.18785779    0.043976518
     0.82178218     0.16963318     0.17798533    0.046926046
     0.83168317     0.15966726     0.16811022    0.050222776
     0.84158416     0.14969894     0.15823272    0.053931794
     0.85148515     0.13972846     0.14835304    0.058135544
     0.86138614       0.129756      0.1384714    0.062940028
     0.87128713     0.11978177     0.12858797    0.068483862
     0.88118812     0.10980593     0.11870293    0.074951871
     0.89108911    0.099828623     0.10881643    0.082596089
      0.9009901    0.089849996    0.098928612    0.091769364
     0.91089109    0.079870172     0.08903959     0.10298137
     0.92079208    0.069889262    0.079149482      0.1169966
     0.93069307     0.05990737    0.069258391     0.13501644
     0.94059406    0.049924587    0.059366409     0.15904317
     0.95049505    0.039940999    0.049473621      0.1926809
     0.96039604     0.02995668    0.039580101     0.24313786
     0.97029703      0.0199717     0.02968592     0.32723324
     0.98019802   0.0099861214    0.019791139     0.49542463
     0.99009901   0.0098877354   0.0098958155  0.00081651312
              1              0              0              0