              0              0              0              0
    0.000999001   0.0089402471   0.0089413199  0.00011998825
    0.001998002    0.017781686    0.017783831  0.00012060871
    0.002997003    0.026525299    0.026528515  0.00012123193
    0.003996004    0.035172058    0.035176344   0.0001218579
    0.004995005    0.043722926    0.043728282  0.00012248664
    0.005994006    0.052178856    0.052185281  0.00012311816
    0.006993007    0.060540793    0.060548286  0.00012375246
    0.007992008     0.06880967     0.06881823  0.00012438956
    0.008991009    0.076986412    0.076996039  0.00012502946
     0.00999001    0.085071935    0.085082628  0.00012567216
    0.010989011    0.093067146    0.093078904  0.00012631768
    0.011988012     0.10097294     0.10098577  0.00012696603
    0.012987013     0.10879021      0.1088041  0.00012761721
    0.013986014     0.11651984     0.11653479  0.00012827123
    0.014985015     0.12416269      0.1241787   0.0001289281
    0.015984016     0.13171963      0.1317367  0.00012958782
    0.016983017     0.13919151     0.13920965  0.00013025041
    0.017982018     0.14657918     0.14659838  0.00013091588
    0.018981019     0.15388348     0.15390373  0.00013158422
     0.01998002     0.16110523     0.16112654  0.00013225546
    0.020979021     0.16824525     0.16826762  0.00013292959
    0.021978022     0.17530436     0.17532778  0.00013360663
    0.022977023     0.18228336     0.18230784  0.00013428658
    0.023976024     0.18918304     0.18920858  0.00013496945
    0.024975025      0.1960042      0.1960308  0.00013565525
    0.025974026     0.20274762     0.20277527    0.000136344
    0.026973027     0.20941407     0.20944277  0.00013703569
    0.027972028     0.21600431     0.21603406  0.00013773033
    0.028971029      0.2225191     0.22254991  0.00013842793
     0.02997003     0.22895919     0.22899105  0.00013912851
    0.030969031     0.23532533     0.23535824  0.00013983207
    0.031968032     0.24161825     0.24165221  0.00014053861
    0.032967033     0.24783867     0.24787368  0.00014124815
    0.033966034     0.25398732     0.25402338  0.00014196069
    0.034965035     0.26006491     0.26010203  0.00014267625
    0.035964036     0.26607215     0.26611031  0.00014339482
    0.036963037     0.27200974     0.27204895  0.00014411643
    0.037962038     0.27787837     0.27791862  0.00014484107
    0.038961039     0.28367871     0.28372002  0.00014556876
     0.03996004     0.28941147     0.28945381   0.0001462995
    0.040959041      0.2950773     0.29512069   0.0001470333
    0.041958042     0.30067686      0.3007213  0.00014777017
    0.042957043     0.30621083     0.30625631  0.00014851012
    0.043956044     0.31167985     0.31172638  0.00014925316
    0.044955045     0.31708456     0.31713213  0.00014999929
    0.045954046     0.32242562     0.32247423  0.00015074853
    0.046953047     0.32770364     0.32775329  0.00015150088
    0.047952048     0.33291925     0.33296995  0.00015225635
    0.048951049     0.33807308     0.33812482  0.00015301494
     0.04995005     0.34316574     0.34321852  0.00015377668
    0.050949051     0.34819784     0.34825166  0.00015454156
    0.051948052     0.35316998     0.35322484   0.0001553096
    0.052947053     0.35808275     0.35813865  0.00015608079
    0.053946054     0.36293675     0.36299369  0.00015685516
    0.054945055     0.36773256     0.36779054  0.00015763271
    0.055944056     0.37247076     0.37252977  0.00015841345
    0.056943057     0.37715192     0.37721197  0.00015919738
    0.057942058     0.38177661      0.3818377  0.00015998452
    0.058941059     0.38634538     0.38640751  0.00016077487
     0.05994006     0.39085881     0.39092197  0.00016156844
    0.060939061     0.39531743     0.39538162  0.00016236524
    0.061938062     0.39972179     0.39978702  0.00016316529
    0.062937063     0.40407242     0.40413869  0.00016396858
    0.063936064     0.40836988     0.40843718  0.00016477512
    0.064935065     0.41261467     0.41268301  0.00016558494
    0.065934066     0.41680733      0.4168767  0.00016639802
    0.066933067     0.42094838     0.42101878  0.00016721439
    0.067932068     0.42503832     0.42510975  0.00016803405
    0.068931069     0.42907767     0.42915013  0.00016885701
     0.06993007     0.43306692     0.43314042  0.00016968327
    0.070929071     0.43700658     0.43708111  0.00017051286
    0.071928072     0.44089714      0.4409727  0.00017134577
    0.072927073     0.44473909     0.44481568  0.00017218201
    0.073926074     0.44853291     0.44861052   0.0001730216
    0.074925075     0.45227907     0.45235772  0.00017386454
    0.075924076     0.45597806     0.45605774  0.00017471084
    0.076923077     0.45963034     0.45971105   0.0001755605
    0.077922078     0.46323637     0.46331811  0.00017641355
    0.078921079     0.46679662     0.46687939  0.00017726999
     0.07992008     0.47031155     0.47039534  0.00017812982
    0.080919081     0.47378159     0.47386641  0.00017899305
    0.081918082      0.4772072     0.47729304   0.0001798597
    0.082917083     0.48058881     0.48067569  0.00018072977
    0.083916084     0.48392688     0.48401478  0.00018160328
    0.084915085     0.48722182     0.48731074  0.00018248022
    0.085914086     0.49047407     0.49056402  0.00018336061
    0.086913087     0.49368405     0.49377503  0.00018424447
    0.087912088     0.49685219     0.49694419  0.00018513179
    0.088911089     0.49997889     0.50007191  0.00018602258
     0.08991009     0.50306457     0.50315862  0.00018691686
    0.090909091     0.50610964     0.50620471  0.00018781464
    0.091908092      0.5091145      0.5092106  0.00018871592
    0.092907093     0.51207956     0.51217668  0.00018962071
    0.093906094      0.5150052     0.51510334  0.00019052903
    0.094905095     0.51789181     0.51799098  0.00019144087
    0.095904096      0.5207398     0.52083999  0.00019235626
    0.096903097     0.52354953     0.52365074  0.00019327519
    0.097902098      0.5263214     0.52642363  0.00019419768
    0.098901099     0.52905577     0.52915902  0.00019512375
      0.0999001     0.53175303      0.5318573  0.00019605338
      0.1008991     0.53441353     0.53451882  0.00019698661
      0.1018981     0.53703764     0.53714396  0.00019792343
      0.1028971     0.53962574     0.53973307  0.00019886385
      0.1038961     0.54217816     0.54228651  0.00019980789
      0.1048951     0.54469528     0.54480465  0.00020075555
     0.10589411     0.54717743     0.54728782  0.00020170685
     0.10689311     0.54962497     0.54973638  0.00020266179
     0.10789211     0.55203824     0.55215067  0.00020362038
     0.10889111     0.55441758     0.55453103  0.00020458263
     0.10989011     0.55676334      0.5568778  0.00020554855
     0.11088911     0.55907583     0.55919131  0.00020651815
     0.11188811      0.5613554      0.5614719  0.00020749144
     0.11288711     0.56360237     0.56371989  0.00020846844
     0.11388611     0.56581706      0.5659356  0.00020944914
     0.11488511      0.5679998     0.56811935  0.00021043355
     0.11588412     0.57015091     0.57027147   0.0002114217
     0.11688312     0.57227069     0.57239227  0.00021241359
     0.11788212     0.57435946     0.57448206  0.00021340922
     0.11888112     0.57641752     0.57654114  0.00021440861
     0.11988012     0.57844519     0.57856982  0.00021541176
     0.12087912     0.58044277     0.58056841   0.0002164187
     0.12187812     0.58241054      0.5825372  0.00021742942
     0.12287712     0.58434882      0.5844765  0.00021844393
     0.12387612     0.58625789     0.58638658  0.00021946225
     0.12487512     0.58813805     0.58826775  0.00022048439
     0.12587413     0.58998957     0.59012029  0.00022151036
     0.12687313     0.59181275     0.59194449  0.00022254016
     0.12787213     0.59360787     0.59374062   0.0002235738
     0.12887113     0.59537521     0.59550897  0.00022461131
     0.12987013     0.59711503     0.59724981  0.00022565267
     0.13086913     0.59882763     0.59896341  0.00022669792
     0.13186813     0.60051326     0.60065005  0.00022774705
     0.13286713     0.60217219        0.60231  0.00022880008
     0.13386613      0.6038047     0.60394352  0.00022985701
     0.13486513     0.60541103     0.60555087  0.00023091786
     0.13586414     0.60699146     0.60713231  0.00023198264
     0.13686314     0.60854624      0.6086881  0.00023305135
     0.13786214     0.61007563      0.6102185  0.00023412401
     0.13886114     0.61157987     0.61172375  0.00023520063
     0.13986014     0.61305923     0.61320411  0.00023628122
     0.14085914     0.61451393     0.61465983  0.00023736579
     0.14185814     0.61594424     0.61609115  0.00023845434
     0.14285714     0.61735039     0.61749831   0.0002395469
     0.14385614     0.61873262     0.61888155  0.00024064347
     0.14485514     0.62009117     0.62024111  0.00024174405
     0.14585415     0.62142628     0.62157723  0.00024284867
     0.14685315     0.62273818     0.62289013  0.00024395733
     0.14785215     0.62402709     0.62418006  0.00024507004
     0.14885115     0.62529326     0.62544723  0.00024618682
     0.14985015      0.6265369     0.62669188  0.00024730766
     0.15084915     0.62775823     0.62791423   0.0002484326
     0.15184815     0.62895749     0.62911449  0.00024956163
     0.15284715     0.63013489      0.6302929  0.00025069476
     0.15384615     0.63129064     0.63144966  0.00025183202
     0.15484515     0.63242496     0.63258499   0.0002529734
     0.15584416     0.63353807     0.63369911  0.00025411892
     0.15684316     0.63463018     0.63479222  0.00025526859
     0.15784216     0.63570149     0.63586454  0.00025642242
     0.15884116     0.63675221     0.63691627  0.00025758042
     0.15984016     0.63778254     0.63794761  0.00025874261
     0.16083916      0.6387927     0.63895877  0.00025990899
     0.16183816     0.63978287     0.63994995  0.00026107958
     0.16283716     0.64075327     0.64092135  0.00026225439
     0.16383616     0.64170407     0.64187316  0.00026343342
     0.16483516     0.64263549     0.64280558   0.0002646167
     0.16583417      0.6435477     0.64371881  0.00026580422
     0.16683317     0.64444091     0.64461302  0.00026699601
     0.16783217      0.6453153     0.64548842  0.00026819207
     0.16883117     0.64617106     0.64634518  0.00026939242
     0.16983017     0.64700838      0.6471835  0.00027059707
     0.17082917     0.64782743     0.64800356  0.00027180602
     0.17182817     0.64862839     0.64880553   0.0002730193
     0.17282717     0.64941146      0.6495896  0.00027423691
     0.17382617     0.65017681     0.65035595  0.00027545886
     0.17482517      0.6509246     0.65110475  0.00027668517
     0.17582418     0.65165502     0.65183618  0.00027791584
     0.17682318     0.65236825     0.65255041   0.0002791509
     0.17782218     0.65306444     0.65324761  0.00028039035
     0.17882118     0.65374377     0.65392794   0.0002816342
     0.17982018     0.65440642     0.65459159  0.00028288247
     0.18081918     0.65505253     0.65523871  0.00028413516
     0.18181818     0.65568228     0.65586946   0.0002853923
     0.18281718     0.65629583     0.65648402  0.00028665389
     0.18381618     0.65689335     0.65708253  0.00028791994
     0.18481518     0.65747498     0.65766517  0.00028919047
     0.18581419      0.6580409     0.65823209  0.00029046549
     0.18681319     0.65859124     0.65878344  0.00029174502
     0.18781219     0.65912618     0.65931938  0.00029302905
     0.18881119     0.65964586     0.65984006  0.00029431762
     0.18981019     0.66015044     0.66034564  0.00029561072
     0.19080919     0.66064006     0.66083626  0.00029690838
     0.19180819     0.66111487     0.66131208   0.0002982106
     0.19280719     0.66157502     0.66177324   0.0002995174
     0.19380619     0.66202066     0.66221988  0.00030082879
     0.19480519     0.66245193     0.66265215  0.00030214479
      0.1958042     0.66286898      0.6630702   0.0003034654
      0.1968032     0.66327194     0.66347416  0.00030479064
      0.1978022     0.66366095     0.66386417  0.00030612052
      0.1988012     0.66403615     0.66424038  0.00030745506
      0.1998002     0.66439769     0.66460292  0.00030879427
      0.2007992      0.6647457     0.66495192  0.00031013816
      0.2017982      0.6650803     0.66528753  0.00031148675
      0.2027972     0.66540164     0.66560987  0.00031284005
      0.2037962     0.66570984     0.66591907  0.00031419807
      0.2047952     0.66600504     0.66621528  0.00031556082
     0.20579421     0.66628737      0.6664986  0.00031692833
     0.20679321     0.66655695     0.66676919   0.0003183006
     0.20779221     0.66681391     0.66702715  0.00031967764
     0.20879121     0.66705838     0.66727262  0.00032105948
     0.20979021     0.66729048     0.66750572  0.00032244612
     0.21078921     0.66751033     0.66772657  0.00032383759
     0.21178821     0.66771806     0.66793529  0.00032523388
     0.21278721     0.66791378     0.66813201  0.00032663502
     0.21378621     0.66809761     0.66831685  0.00032804102
     0.21478521     0.66826968     0.66848992   0.0003294519
     0.21578422      0.6684301     0.66865134  0.00033086767
     0.21678322     0.66857899     0.66880122  0.00033228834
     0.21778222     0.66871645     0.66893969  0.00033371393
     0.21878122     0.66884261     0.66906684  0.00033514445
     0.21978022     0.66895758     0.66918281  0.00033657992
     0.22077922     0.66906146     0.66928769  0.00033802035
     0.22177822     0.66915437      0.6693816  0.00033946576
     0.22277722     0.66923641     0.66946465  0.00034091615
     0.22377622     0.66930771     0.66953694  0.00034237156
     0.22477522     0.66936835     0.66959858  0.00034383199
     0.22577423     0.66941845     0.66964968  0.00034529745
     0.22677323     0.66945811     0.66969034  0.00034676796
     0.22777223     0.66948744     0.66972067  0.00034824355
     0.22877123     0.66950654     0.66974076  0.00034972421
     0.22977023     0.66951551     0.66975073  0.00035120997
     0.23076923     0.66951444     0.66975067  0.00035270084
     0.23176823     0.66950345     0.66974067  0.00035419684
     0.23276723     0.66948263     0.66972085  0.00035569799
     0.23376623     0.66945208      0.6696913  0.00035720429
     0.23476523     0.66941189      0.6696521  0.00035871577
     0.23576424     0.66936216     0.66960337  0.00036023244
     0.23676324     0.66930298      0.6695452  0.00036175432
     0.23776224     0.66923446     0.66947767  0.00036328141
     0.23876124     0.66915667     0.66940088  0.00036481375
     0.23976024     0.66906972     0.66931493  0.00036635135
     0.24075924     0.66897369      0.6692199  0.00036789421
     0.24175824     0.66886868     0.66911588  0.00036944236
     0.24275724     0.66875477     0.66900297  0.00037099582
     0.24375624     0.66863206     0.66888125  0.00037255459
     0.24475524     0.66850062     0.66875081  0.00037411871
     0.24575425     0.66836055     0.66861174  0.00037568817
     0.24675325     0.66821194     0.66846412  0.00037726301
     0.24775225     0.66805486     0.66830804  0.00037884324
     0.24875125      0.6678894     0.66814358  0.00038042887
     0.24975025     0.66771565     0.66797083  0.00038201992
     0.25074925     0.66753368     0.66778986  0.00038361641
     0.25174825     0.66734359     0.66760076  0.00038521835
     0.25274725     0.66714544     0.66740361  0.00038682577
     0.25374625     0.66693933     0.66719849  0.00038843868
     0.25474525     0.66672532     0.66698548   0.0003900571
     0.25574426      0.6665035     0.66676466  0.00039168104
     0.25674326     0.66627395      0.6665361  0.00039331053
     0.25774226     0.66603673     0.66629989  0.00039494558
     0.25874126     0.66579194     0.66605609  0.00039658621
     0.25974026     0.66553964     0.66580479  0.00039823244
     0.26073926     0.66527991     0.66554605  0.00039988428
     0.26173826     0.66501282     0.66527996  0.00040154175
     0.26273726     0.66473844     0.66500658  0.00040320488
     0.26373626     0.66445686     0.66472599  0.00040487368
     0.26473526     0.66416813     0.66443825  0.00040654817
     0.26573427     0.66387233     0.66414345  0.00040822836
     0.26673327     0.66356953     0.66384165  0.00040991428
     0.26773227     0.66325981     0.66353292  0.00041160595
     0.26873127     0.66294322     0.66321733  0.00041330338
     0.26973027     0.66261984     0.66289494   0.0004150066
     0.27072927     0.66228973     0.66256583  0.00041671562
     0.27172827     0.66195297     0.66223007  0.00041843046
     0.27272727     0.66160961     0.66188771  0.00042015114
     0.27372627     0.66125973     0.66153882  0.00042187768
     0.27472527     0.66090339     0.66118347  0.00042361011
     0.27572428     0.66054064     0.66082172  0.00042534843
     0.27672328     0.66017157     0.66045364  0.00042709268
     0.27772228     0.65979622     0.66007929  0.00042884286
     0.27872128     0.65941466     0.65969873  0.00043059901
     0.27972028     0.65902696     0.65931202  0.00043236113
     0.28071928     0.65863317     0.65891923  0.00043412926
     0.28171828     0.65823336     0.65852041  0.00043590341
     0.28271728     0.65782758     0.65811562   0.0004376836
     0.28371628     0.65741589     0.65770493  0.00043946986
     0.28471528     0.65699836     0.65728839   0.0004412622
     0.28571429     0.65657503     0.65686607  0.00044306064
     0.28671329     0.65614598     0.65643801  0.00044486521
     0.28771229     0.65571125     0.65600427  0.00044667593
     0.28871129      0.6552709     0.65556492  0.00044849281
     0.28971029     0.65482499        0.65512  0.00045031589
     0.29070929     0.65437358     0.65466958  0.00045214517
     0.29170829     0.65391671     0.65421371  0.00045398069
     0.29270729     0.65345444     0.65375243  0.00045582247
     0.29370629     0.65298682     0.65328581  0.00045767052
     0.29470529     0.65251392      0.6528139  0.00045952487
      0.2957043     0.65203578     0.65233675  0.00046138554
      0.2967033     0.65155245     0.65185442  0.00046325256
      0.2977023     0.65106398     0.65136695  0.00046512594
      0.2987013     0.65057043     0.65087439  0.00046700571
      0.2997003     0.65007185      0.6503768   0.0004688919
      0.3006993     0.64956828     0.64987423  0.00047078452
      0.3016983     0.64905978     0.64936672  0.00047268359
      0.3026973     0.64854639     0.64885433  0.00047458915
      0.3036963     0.64802817      0.6483371  0.00047650121
      0.3046953     0.64750516     0.64781508   0.0004784198
     0.30569431      0.6469774     0.64728833  0.00048034495
     0.30669331     0.64644496     0.64675687  0.00048227666
     0.30769231     0.64590786     0.64622077  0.00048421498
     0.30869131     0.64536617     0.64568007  0.00048615992
     0.30969031     0.64481992     0.64513482  0.00048811151
     0.31068931     0.64426916     0.64458505  0.00049006977
     0.31168831     0.64371394     0.64403082  0.00049203473
     0.31268731     0.64315429     0.64347217  0.00049400641
     0.31368631     0.64259027     0.64290914  0.00049598484
     0.31468531     0.64202192     0.64234178  0.00049797004
     0.31568432     0.64144927     0.64177013  0.00049996203
     0.31668332     0.64087238     0.64119423  0.00050196085
     0.31768232     0.64029128     0.64061413  0.00050396651
     0.31868132     0.63970602     0.64002986  0.00050597905
     0.31968032     0.63911664     0.63944147  0.00050799848
     0.32067932     0.63852317       0.638849  0.00051002484
     0.32167832     0.63792567     0.63825249  0.00051205815
     0.32267732     0.63732416     0.63765198  0.00051409844
     0.32367632      0.6367187     0.63704751  0.00051614574
     0.32467532     0.63610931     0.63643911  0.00051820006
     0.32567433     0.63549604     0.63582684  0.00052026144
     0.32667333     0.63487893     0.63521072   0.0005223299
     0.32767233     0.63425801     0.63459079  0.00052440548
     0.32867133     0.63363332      0.6339671  0.00052648819
     0.32967033     0.63300491     0.63333968  0.00052857807
     0.33066933      0.6323728     0.63270856  0.00053067515
     0.33166833     0.63173703     0.63207379  0.00053277944
     0.33266733     0.63109765      0.6314354  0.00053489099
     0.33366633     0.63045468     0.63079342  0.00053700981
     0.33466533     0.62980816     0.63014789  0.00053913594
     0.33566434     0.62915813     0.62949885  0.00054126941
     0.33666334     0.62850462     0.62884634  0.00054341024
     0.33766234     0.62784766     0.62819038  0.00054555846
     0.33866134      0.6271873     0.62753101   0.0005477141
     0.33966034     0.62652356     0.62686826  0.00054987719
     0.34065934     0.62585648     0.62620218  0.00055204777
     0.34165834     0.62518609     0.62553278  0.00055422585
     0.34265734     0.62451243     0.62486011  0.00055641148
     0.34365634     0.62383552     0.62418419  0.00055860467
     0.34465534      0.6231554     0.62350506  0.00056080547
     0.34565435      0.6224721     0.62282276  0.00056301389
     0.34665335     0.62178565     0.62213731  0.00056522998
     0.34765235     0.62109609     0.62144874  0.00056745376
     0.34865135     0.62040344     0.62075708  0.00056968526
     0.34965035     0.61970774     0.62006237  0.00057192452
     0.35064935     0.61900902     0.61936464  0.00057417157
     0.35164835     0.61830729     0.61866391  0.00057642643
     0.35264735     0.61760261     0.61796022  0.00057868914
     0.35364635     0.61689499     0.61725359  0.00058095973
     0.35464535     0.61618446     0.61654406  0.00058323824
     0.35564436     0.61547106     0.61583164   0.0005855247
     0.35664336     0.61475481     0.61511639  0.00058781913
     0.35764236     0.61403574     0.61439831  0.00059012158
     0.35864136     0.61331387     0.61367744  0.00059243207
     0.35964036     0.61258925      0.6129538  0.00059475065
     0.36063936     0.61186188     0.61222743  0.00059707733
     0.36163836     0.61113181     0.61149835  0.00059941216
     0.36263736     0.61039905     0.61076658  0.00060175518
     0.36363636     0.60966364     0.61003216  0.00060410641
     0.36463536      0.6089256     0.60929512  0.00060646588
     0.36563437     0.60818495     0.60855546  0.00060883364
     0.36663337     0.60744173     0.60781323  0.00061120973
     0.36763237     0.60669596     0.60706845  0.00061359416
     0.36863137     0.60594765     0.60632114  0.00061598699
     0.36963037     0.60519685     0.60557133  0.00061838824
     0.37062937     0.60444357     0.60481904  0.00062079795
     0.37162837     0.60368784      0.6040643  0.00062321616
     0.37262737     0.60292968     0.60330714  0.00062564291
     0.37362637     0.60216912     0.60254757  0.00062807822
     0.37462537     0.60140618     0.60178562  0.00063052215
     0.37562438     0.60064088     0.60102131  0.00063297472
     0.37662338     0.59987325     0.60025468  0.00063543597
     0.37762238     0.59910331     0.59948573  0.00063790594
     0.37862138     0.59833109     0.59871449  0.00064038467
     0.37962038      0.5975566       0.597941   0.0006428722
     0.38061938     0.59677987     0.59716526  0.00064536856
     0.38161838     0.59600092      0.5963873   0.0006478738
     0.38261738     0.59521977     0.59560715  0.00065038794
     0.38361638     0.59443645     0.59482482  0.00065291104
     0.38461538     0.59365098     0.59404034  0.00065544314
     0.38561439     0.59286337     0.59325372  0.00065798426
     0.38661339     0.59207366       0.592465  0.00066053445
     0.38761239     0.59128185     0.59167418  0.00066309376
     0.38861139     0.59048797      0.5908813  0.00066566221
     0.38961039     0.58969205     0.59008637  0.00066823986
     0.39060939      0.5888941     0.58928941  0.00067082675
     0.39160839     0.58809414     0.58849044  0.00067342291
     0.39260739     0.58729219     0.58768949  0.00067602839
     0.39360639     0.58648827     0.58688656  0.00067864323
     0.39460539     0.58568241     0.58608169  0.00068126747
      0.3956044     0.58487462     0.58527489  0.00068390115
      0.3966034     0.58406491     0.58446617  0.00068654432
      0.3976024     0.58325332     0.58365557  0.00068919703
      0.3986014     0.58243985      0.5828431   0.0006918593
      0.3996004     0.58162453     0.58202877   0.0006945312
      0.4005994     0.58080737      0.5812126  0.00069721276
      0.4015984      0.5799884     0.58039462  0.00069990402
      0.4025974     0.57916763     0.57957484  0.00070260504
      0.4035964     0.57834508     0.57875328  0.00070531585
      0.4045954     0.57752076     0.57792996  0.00070803651
     0.40559441      0.5766947     0.57710489  0.00071076705
     0.40659341     0.57586691     0.57627809  0.00071350753
     0.40759241     0.57503741     0.57544958  0.00071625798
     0.40859141     0.57420621     0.57461937  0.00071901847
     0.40959041     0.57337334     0.57378749  0.00072178902
     0.41058941      0.5725388     0.57295395   0.0007245697
     0.41158841     0.57170263     0.57211876  0.00072736055
     0.41258741     0.57086482     0.57128195  0.00073016162
     0.41358641      0.5700254     0.57044352  0.00073297295
     0.41458541     0.56918439      0.5696035  0.00073579459
     0.41558442     0.56834179      0.5687619   0.0007386266
     0.41658342     0.56749764     0.56791873  0.00074146902
     0.41758242     0.56665193     0.56707402  0.00074432191
     0.41858142     0.56580469     0.56622777   0.0007471853
     0.41958042     0.56495593        0.56538  0.00075005926
     0.42057942     0.56410567     0.56453073  0.00075294384
     0.42157842     0.56325393     0.56367998  0.00075583907
     0.42257742      0.5624007     0.56282775  0.00075874503
     0.42357642     0.56154602     0.56197406  0.00076166175
     0.42457542      0.5606899     0.56111893   0.0007645893
     0.42557443     0.55983235     0.56026236  0.00076752772
     0.42657343     0.55897338     0.55940439  0.00077047707
     0.42757243     0.55811301     0.55854501  0.00077343739
     0.42857143     0.55725125     0.55768424  0.00077640875
     0.42957043     0.55638812      0.5568221   0.0007793912
     0.43056943     0.55552363      0.5559586   0.0007823848
     0.43156843     0.55465779     0.55509376  0.00078538959
     0.43256743     0.55379062     0.55422758  0.00078840564
     0.43356643     0.55292213     0.55336008  0.00079143299
     0.43456543     0.55205233     0.55249127  0.00079447172
     0.43556444     0.55118124     0.55162117  0.00079752186
     0.43656344     0.55030887     0.55074979  0.00080058349
     0.43756244     0.54943523     0.54987714  0.00080365665
     0.43856144     0.54856033     0.54900324  0.00080674141
     0.43956044      0.5476842     0.54812809  0.00080983782
     0.44055944     0.54680683     0.54725171  0.00081294595
     0.44155844     0.54592824     0.54637412  0.00081606584
     0.44255744     0.54504845     0.54549531  0.00081919757
     0.44355644     0.54416746     0.54461532  0.00082234119
     0.44455544     0.54328529     0.54373414  0.00082549677
     0.44555445     0.54240195     0.54285179  0.00082866436
     0.44655345     0.54151745     0.54196828  0.00083184402
     0.44755245      0.5406318     0.54108362  0.00083503582
     0.44855145     0.53974501     0.54019783  0.00083823982
     0.44955045      0.5388571     0.53931091  0.00084145608
     0.45054945     0.53796808     0.53842288  0.00084468467
     0.45154845     0.53707796     0.53753374  0.00084792565
     0.45254745     0.53618674     0.53664352  0.00085117908
     0.45354645     0.53529444     0.53575221  0.00085444503
     0.45454545     0.53440107     0.53485984  0.00085772356
     0.45554446     0.53350665      0.5339664  0.00086101475
     0.45654346     0.53261117     0.53307191  0.00086431865
     0.45754246     0.53171466     0.53217639  0.00086763534
     0.45854146     0.53081711     0.53127984  0.00087096487
     0.45954046     0.52991855     0.53038227  0.00087430733
     0.46053946     0.52901898     0.52948369  0.00087766277
     0.46153846     0.52811842     0.52858412  0.00088103126
     0.46253746     0.52721686     0.52768355  0.00088441289
     0.46353646     0.52631433     0.52678201   0.0008878077
     0.46453546     0.52541083      0.5258795  0.00089121578
     0.46553447     0.52450637     0.52497603   0.0008946372
     0.46653347     0.52360096     0.52407162  0.00089807203
     0.46753247     0.52269462     0.52316626  0.00090152034
     0.46853147     0.52178734     0.52225997   0.0009049822
     0.46953047     0.52087914     0.52135276  0.00090845768
     0.47052947     0.51997003     0.52044464  0.00091194687
     0.47152847     0.51906001     0.51953562  0.00091544983
     0.47252747      0.5181491      0.5186257  0.00091896664
     0.47352647     0.51723731      0.5177149  0.00092249737
     0.47452547     0.51632464     0.51680322  0.00092604211
     0.47552448      0.5154111     0.51589068  0.00092960092
     0.47652348     0.51449671     0.51497727  0.00093317389
     0.47752248     0.51358146     0.51406301  0.00093676109
     0.47852148     0.51266537     0.51314792   0.0009403626
     0.47952048     0.51174845     0.51223199  0.00094397851
     0.48051948      0.5108307     0.51131523  0.00094760888
     0.48151848     0.50991214     0.51039766  0.00095125381
     0.48251748     0.50899276     0.50947927  0.00095491336
     0.48351648     0.50807259     0.50856009  0.00095858763
     0.48451548     0.50715162     0.50764011   0.0009622767
     0.48551449     0.50622987     0.50671935  0.00096598065
     0.48651349     0.50530734     0.50579781  0.00096969956
     0.48751249     0.50438404      0.5048755  0.00097343351
     0.48851149     0.50345998     0.50395243   0.0009771826
     0.48951049     0.50253517     0.50302861  0.00098094691
     0.49050949      0.5016096     0.50210404  0.00098472652
     0.49150849      0.5006833     0.50117873  0.00098852152
     0.49250749     0.49975627     0.50025269    0.000992332
     0.49350649     0.49882851     0.49932592  0.00099615805
     0.49450549     0.49790003     0.49839843  0.00099999975
      0.4955045     0.49697085     0.49747024   0.0010038572
      0.4965035     0.49604096     0.49654134   0.0010077305
      0.4975025     0.49511037     0.49561174   0.0010116197
      0.4985015      0.4941791     0.49468146   0.0010155249
      0.4995005     0.49324714     0.49375049   0.0010194463
      0.5004995      0.4923145     0.49281885   0.0010233839
      0.5014985      0.4913812     0.49188653   0.0010273377
      0.5024975     0.49044724     0.49095356    0.001031308
      0.5034965     0.48951261     0.49001993   0.0010352947
      0.5044955     0.48857734     0.48908565   0.0010392981
     0.50549451     0.48764143     0.48815073   0.0010433181
     0.50649351     0.48670488     0.48721517   0.0010473549
     0.50749251      0.4857677     0.48627898   0.0010514086
     0.50849151      0.4848299     0.48534216   0.0010554793
     0.50949051     0.48389147     0.48440473   0.0010595671
     0.51048951     0.48295244     0.48346669    0.001063672
     0.51148851      0.4820128     0.48252804   0.0010677943
     0.51248751     0.48107256     0.48158879   0.0010719339
     0.51348651     0.48013173     0.48064895    0.001076091
     0.51448551     0.47919031     0.47970852   0.0010802658
     0.51548452     0.47824831     0.47876751   0.0010844582
     0.51648352     0.47730573     0.47782593   0.0010886685
     0.51748252     0.47636259     0.47688377   0.0010928967
     0.51848152     0.47541887     0.47594105   0.0010971429
     0.51948052      0.4744746     0.47499777   0.0011014072
     0.52047952     0.47352978     0.47405393   0.0011056898
     0.52147852     0.47258441     0.47310955   0.0011099908
     0.52247752     0.47163849     0.47216463   0.0011143103
     0.52347652     0.47069204     0.47121917   0.0011186483
     0.52447552     0.46974505     0.47027317    0.001123005
     0.52547453     0.46879754     0.46932665   0.0011273806
     0.52647353     0.46784951     0.46837961   0.0011317751
     0.52747253     0.46690097     0.46743206   0.0011361886
     0.52847153     0.46595191     0.46648399   0.0011406214
     0.52947053     0.46500234     0.46553542   0.0011450734
     0.53046953     0.46405228     0.46458634   0.0011495448
     0.53146853     0.46310172     0.46363677   0.0011540357
     0.53246753     0.46215067     0.46268671   0.0011585463
     0.53346653     0.46119913     0.46173616   0.0011630767
     0.53446553     0.46024711     0.46078513    0.001167627
     0.53546454     0.45929461     0.45983363   0.0011721973
     0.53646354     0.45834165     0.45888165   0.0011767877
     0.53746254     0.45738821     0.45792921   0.0011813985
     0.53846154     0.45643432      0.4569763   0.0011860296
     0.53946054     0.45547996     0.45602294   0.0011906813
     0.54045954     0.45452515     0.45506912   0.0011953537
     0.54145854      0.4535699     0.45411486   0.0012000469
     0.54245754      0.4526142     0.45316015    0.001204761
     0.54345654     0.45165806       0.452205   0.0012094962
     0.54445554     0.45070148     0.45124941   0.0012142526
     0.54545455     0.44974448      0.4502934   0.0012190303
     0.54645355     0.44878704     0.44933695   0.0012238295
     0.54745255     0.44782919     0.44838009   0.0012286504
     0.54845155     0.44687091     0.44742281    0.001233493
     0.54945055     0.44591222     0.44646511   0.0012383575
     0.55044955     0.44495313       0.445507   0.0012432441
     0.55144855     0.44399362     0.44454849   0.0012481529
     0.55244755     0.44303371     0.44358957    0.001253084
     0.55344655     0.44207341     0.44263025   0.0012580376
     0.55444555     0.44111271     0.44167055   0.0012630138
     0.55544456     0.44015162     0.44071045   0.0012680129
     0.55644356     0.43919015     0.43974996   0.0012730348
     0.55744256     0.43822829      0.4387891   0.0012780799
     0.55844156     0.43726605     0.43782785   0.0012831482
     0.55944056     0.43630344     0.43686623   0.0012882399
     0.56043956     0.43534046     0.43590424   0.0012933552
     0.56143856     0.43437711     0.43494188   0.0012984942
     0.56243756      0.4334134     0.43397916    0.001303657
     0.56343656     0.43244932     0.43301607   0.0013088439
     0.56443556     0.43148489     0.43205263    0.001314055
     0.56543457     0.43052011     0.43108884   0.0013192905
     0.56643357     0.42955498      0.4301247   0.0013245505
     0.56743257      0.4285895     0.42916021   0.0013298352
     0.56843157     0.42762368     0.42819538   0.0013351448
     0.56943057     0.42665752     0.42723021   0.0013404794
     0.57042957     0.42569102      0.4262647   0.0013458392
     0.57142857     0.42472419     0.42529887   0.0013512244
     0.57242757     0.42375703      0.4243327   0.0013566352
     0.57342657     0.42278955      0.4233662   0.0013620717
     0.57442557     0.42182174     0.42239939   0.0013675341
     0.57542458     0.42085362     0.42143225   0.0013730226
     0.57642358     0.41988517      0.4204648   0.0013785374
     0.57742258     0.41891642     0.41949704   0.0013840787
     0.57842158     0.41794735     0.41852896   0.0013896466
     0.57942058     0.41697798     0.41756058   0.0013952414
     0.58041958      0.4160083     0.41659189   0.0014008631
     0.58141858     0.41503833     0.41562291   0.0014065121
     0.58241758     0.41406805     0.41465362   0.0014121885
     0.58341658     0.41309748     0.41368404   0.0014178925
     0.58441558     0.41212662     0.41271417   0.0014236243
     0.58541459     0.41115547     0.41174401   0.0014293842
     0.58641359     0.41018403     0.41077356   0.0014351722
     0.58741259     0.40921231     0.40980283   0.0014409886
     0.58841159     0.40824031     0.40883182   0.0014468336
     0.58941059     0.40726803     0.40786053   0.0014527074
     0.59040959     0.40629547     0.40688897   0.0014586103
     0.59140859     0.40532265     0.40591713   0.0014645424
     0.59240759     0.40434955     0.40494503   0.0014705039
     0.59340659     0.40337619     0.40397265   0.0014764952
     0.59440559     0.40240256     0.40300002   0.0014825162
      0.5954046     0.40142867     0.40202712   0.0014885674
      0.5964036     0.40045452     0.40105396   0.0014946489
      0.5974026     0.39948012     0.40008055   0.0015007609
      0.5984016     0.39850546     0.39910688   0.0015069038
      0.5994006     0.39753055     0.39813296   0.0015130776
      0.6003996     0.39655539     0.39715879   0.0015192826
      0.6013986     0.39557999     0.39618438   0.0015255191
      0.6023976     0.39460434     0.39520972   0.0015317873
      0.6033966     0.39362845     0.39423482   0.0015380874
      0.6043956     0.39265232     0.39325968   0.0015444196
     0.60539461     0.39167596      0.3922843   0.0015507843
     0.60639361     0.39069935     0.39130869   0.0015571817
     0.60739261     0.38972252     0.39033285   0.0015636119
     0.60839161     0.38874546     0.38935678   0.0015700753
     0.60939061     0.38776817     0.38838048   0.0015765722
     0.61038961     0.38679065     0.38740395   0.0015831026
     0.61138861     0.38581292     0.38642721    0.001589667
     0.61238761     0.38483496     0.38545024   0.0015962656
     0.61338661     0.38385678     0.38447305   0.0016028986
     0.61438561     0.38287839     0.38349565   0.0016095663
     0.61538462     0.38189978     0.38251803    0.001616269
     0.61638362     0.38092096      0.3815402    0.001623007
     0.61738262     0.37994193     0.38056216   0.0016297804
     0.61838162     0.37896269     0.37958391   0.0016365897
     0.61938062     0.37798325     0.37860546    0.001643435
     0.62037962      0.3770036      0.3776268   0.0016503167
     0.62137862     0.37602375     0.37664794   0.0016572351
     0.62237762      0.3750437     0.37566889   0.0016641903
     0.62337662     0.37406345     0.37468963   0.0016711828
     0.62437562     0.37308301     0.37371018   0.0016782128
     0.62537463     0.37210238     0.37273053   0.0016852807
     0.62637363     0.37112155     0.37175069   0.0016923866
     0.62737263     0.37014053     0.37077066    0.001699531
     0.62837163     0.36915932     0.36979045   0.0017067141
     0.62937063     0.36817793     0.36881005   0.0017139363
     0.63036963     0.36719635     0.36782946   0.0017211978
     0.63136863     0.36621459     0.36684869    0.001728499
     0.63236763     0.36523265     0.36586774   0.0017358402
     0.63336663     0.36425053     0.36488661   0.0017432217
     0.63436563     0.36326823      0.3639053   0.0017506439
     0.63536464     0.36228576     0.36292382    0.001758107
     0.63636364     0.36130312     0.36194216   0.0017656115
     0.63736264      0.3603203     0.36096034   0.0017731576
     0.63836164     0.35933731     0.35997834   0.0017807457
     0.63936064     0.35835415     0.35899617   0.0017883762
     0.64035964     0.35737083     0.35801384   0.0017960494
     0.64135864     0.35638734     0.35703134   0.0018037656
     0.64235764     0.35540369     0.35604868   0.0018115253
     0.64335664     0.35441987     0.35506585   0.0018193287
     0.64435564      0.3534359     0.35408287   0.0018271763
     0.64535465     0.35245176     0.35309973   0.0018350683
     0.64635365     0.35146747     0.35211643   0.0018430053
     0.64735265     0.35048303     0.35113297   0.0018509875
     0.64835165     0.34949843     0.35014936   0.0018590154
     0.64935065     0.34851367      0.3491656   0.0018670894
     0.65034965     0.34752877     0.34818168   0.0018752097
     0.65134865     0.34654372     0.34719762   0.0018833769
     0.65234765     0.34555852     0.34621341   0.0018915914
     0.65334665     0.34457317     0.34522905   0.0018998534
     0.65434565     0.34358767     0.34424455   0.0019081636
     0.65534466     0.34260204      0.3432599   0.0019165222
     0.65634366     0.34161626     0.34227511   0.0019249296
     0.65734266     0.34063034     0.34129018   0.0019333864
     0.65834166     0.33964428     0.34030511    0.001941893
     0.65934066     0.33865808     0.33931991   0.0019504497
     0.66033966     0.33767175     0.33833456    0.001959057
     0.66133866     0.33668528     0.33734908   0.0019677154
     0.66233766     0.33569867     0.33636347   0.0019764254
     0.66333666     0.33471194     0.33537773   0.0019851873
     0.66433566     0.33372507     0.33439185   0.0019940016
     0.66533467     0.33273807     0.33340584   0.0020028688
     0.66633367     0.33175095     0.33241971   0.0020117895
     0.66733267     0.33076369     0.33143344   0.0020207639
     0.66833167     0.32977631     0.33044705   0.0020297928
     0.66933067     0.32878881     0.32946054   0.0020388764
     0.67032967     0.32780118      0.3284739   0.0020480154
     0.67132867     0.32681343     0.32748714   0.0020572102
     0.67232767     0.32582556     0.32650026   0.0020664614
     0.67332667     0.32483757     0.32551326   0.0020757694
     0.67432567     0.32384946     0.32452614   0.0020851348
     0.67532468     0.32286123      0.3235389   0.0020945581
     0.67632368     0.32187288     0.32255155   0.0021040399
     0.67732268     0.32088442     0.32156408   0.0021135806
     0.67832168     0.31989585     0.32057649   0.0021231808
     0.67932068     0.31890716     0.31958879   0.0021328412
     0.68031968     0.31791836     0.31860099   0.0021425622
     0.68131868     0.31692945     0.31761307   0.0021523444
     0.68231768     0.31594043     0.31662504   0.0021621884
     0.68331668     0.31495131      0.3156369   0.0021720947
     0.68431568     0.31396207     0.31464865   0.0021820641
     0.68531469     0.31297273      0.3136603   0.0021920969
     0.68631369     0.31198328     0.31267184    0.002202194
     0.68731269     0.31099373     0.31168328   0.0022123558
     0.68831169     0.31000407     0.31069462   0.0022225831
     0.68931069     0.30901431     0.30970585   0.0022328763
     0.69030969     0.30802446     0.30871698   0.0022432363
     0.69130869      0.3070345     0.30772801   0.0022536635
     0.69230769     0.30604444     0.30673894   0.0022641588
     0.69330669     0.30505428     0.30574978   0.0022747226
     0.69430569     0.30406403     0.30476051   0.0022853558
      0.6953047     0.30307368     0.30377115   0.0022960589
      0.6963037     0.30208323      0.3027817   0.0023068327
      0.6973027     0.30109269     0.30179215   0.0023176779
      0.6983017     0.30010206      0.3008025   0.0023285951
      0.6993007     0.29911133     0.29981277   0.0023395852
      0.7002997     0.29812051     0.29882294   0.0023506487
      0.7012987      0.2971296     0.29783302   0.0023617865
      0.7022977     0.29613861     0.29684301   0.0023729994
      0.7032967     0.29514752     0.29585292   0.0023842879
      0.7042957     0.29415634     0.29486273    0.002395653
     0.70529471     0.29316508     0.29387246   0.0024070954
     0.70629371     0.29217373      0.2928821   0.0024186159
     0.70729271      0.2911823     0.29189166   0.0024302153
     0.70829171     0.29019078     0.29090113   0.0024418943
     0.70929071     0.28919917     0.28991051   0.0024536539
     0.71028971     0.28820749     0.28891982   0.0024654948
     0.71128871     0.28721572     0.28792904   0.0024774179
     0.71228771     0.28622387     0.28693818   0.0024894241
     0.71328671     0.28523194     0.28594724   0.0025015141
     0.71428571     0.28423993     0.28495622    0.002513689
     0.71528472     0.28324784     0.28396513   0.0025259495
     0.71628372     0.28225568     0.28297395   0.0025382966
     0.71728272     0.28126343      0.2819827   0.0025507312
     0.71828172     0.28027111     0.28099137   0.0025632542
     0.71928072     0.27927872     0.27999996   0.0025758666
     0.72027972     0.27828625     0.27900848   0.0025885694
     0.72127872      0.2772937     0.27801692   0.0026013634
     0.72227772     0.27630108      0.2770253   0.0026142497
     0.72327672     0.27530839     0.27603359   0.0026272293
     0.72427572     0.27431563     0.27504182   0.0026403031
     0.72527473     0.27332279     0.27404998   0.0026534723
     0.72627373     0.27232989     0.27305806   0.0026667378
     0.72727273     0.27133691     0.27206607   0.0026801008
     0.72827173     0.27034387     0.27107402   0.0026935623
     0.72927073     0.26935075      0.2700819   0.0027071233
     0.73026973     0.26835757      0.2690897    0.002720785
     0.73126873     0.26736432     0.26809745   0.0027345485
     0.73226773     0.26637101     0.26710512   0.0027484149
     0.73326673     0.26537762     0.26611273   0.0027623855
     0.73426573     0.26438418     0.26512027   0.0027764613
     0.73526474     0.26339067     0.26412775   0.0027906436
     0.73626374     0.26239709     0.26313517   0.0028049335
     0.73726274     0.26140345     0.26214252   0.0028193324
     0.73826174     0.26040975     0.26114981   0.0028338414
     0.73926074     0.25941599     0.26015703   0.0028484617
     0.74025974     0.25842216      0.2591642   0.0028631948
     0.74125874     0.25742828      0.2581713   0.0028780419
     0.74225774     0.25643433     0.25717835   0.0028930043
     0.74325674     0.25544033     0.25618533   0.0029080833
     0.74425574     0.25444626     0.25519226   0.0029232804
     0.74525475     0.25345214     0.25419913   0.0029385969
     0.74625375     0.25245796     0.25320594   0.0029540342
     0.74725275     0.25146372     0.25221269   0.0029695937
     0.74825175     0.25046942     0.25121938    0.002985277
     0.74925075     0.24947507     0.25022602   0.0030010855
     0.75024975     0.24848067     0.24923261   0.0030170206
     0.75124875      0.2474862     0.24823913    0.003033084
     0.75224775     0.24649169     0.24724561   0.0030492771
     0.75324675     0.24549712     0.24625203   0.0030656015
     0.75424575     0.24450249      0.2452584   0.0030820589
     0.75524476     0.24350782     0.24426471   0.0030986509
     0.75624376     0.24251309     0.24327097    0.003115379
     0.75724276     0.24151831     0.24227718   0.0031322451
     0.75824176     0.24052348     0.24128334   0.0031492508
     0.75924076     0.23952859     0.24028944   0.0031663978
     0.76023976     0.23853366      0.2392955   0.0031836879
     0.76123876     0.23753868     0.23830151   0.0032011229
     0.76223776     0.23654364     0.23730747   0.0032187046
     0.76323676     0.23554856     0.23631338   0.0032364349
     0.76423576     0.23455343     0.23531924   0.0032543157
     0.76523477     0.23355826     0.23432505   0.0032723489
     0.76623377     0.23256303     0.23333081   0.0032905364
     0.76723277     0.23156776     0.23233653   0.0033088802
     0.76823177     0.23057244      0.2313422   0.0033273824
     0.76923077     0.22957708     0.23034783    0.003346045
     0.77022977     0.22858167     0.22935341     0.00336487
     0.77122877     0.22758621     0.22835895   0.0033838597
     0.77222777     0.22659071     0.22736444   0.0034030162
     0.77322677     0.22559517     0.22636988   0.0034223416
     0.77422577     0.22459958     0.22537529   0.0034418383
     0.77522478     0.22360395     0.22438064   0.0034615085
     0.77622378     0.22260828     0.22338596   0.0034813546
     0.77722278     0.22161256     0.22239123   0.0035013788
     0.77822178      0.2206168     0.22139647   0.0035215836
     0.77922078       0.219621     0.22040166   0.0035419715
     0.78021978     0.21862516     0.21940681   0.0035625449
     0.78121878     0.21762928     0.21841191   0.0035833065
     0.78221778     0.21663336     0.21741698   0.0036042587
     0.78321678     0.21563739     0.21642201   0.0036254042
     0.78421578     0.21464139       0.215427   0.0036467457
     0.78521479     0.21364535     0.21443195   0.0036682859
     0.78621379     0.21264927     0.21343686   0.0036900276
     0.78721279     0.21165315     0.21244173   0.0037119737
     0.78821179       0.210657     0.21144656   0.0037341271
     0.78921079      0.2096608     0.21045136   0.0037564906
     0.79020979     0.20866457     0.20945612   0.0037790673
     0.79120879      0.2076683     0.20846084   0.0038018602
     0.79220779       0.206672     0.20746553   0.0038248725
     0.79320679     0.20567566     0.20647018   0.0038481074
     0.79420579     0.20467928     0.20547479    0.003871568
      0.7952048     0.20368287     0.20447937   0.0038952577
      0.7962038     0.20268642     0.20348391   0.0039191799
      0.7972028     0.20168994     0.20248842   0.0039433379
      0.7982018     0.20069342     0.20149289   0.0039677354
      0.7992008     0.19969687     0.20049733   0.0039923758
      0.8001998     0.19870028     0.19950174   0.0040172628
      0.8011988     0.19770367     0.19850611   0.0040424001
      0.8021978     0.19670702     0.19751045   0.0040677915
      0.8031968     0.19571033     0.19651475   0.0040934409
      0.8041958     0.19471362     0.19551903   0.0041193522
     0.80519481     0.19371687     0.19452327   0.0041455295
     0.80619381     0.19272009     0.19352748   0.0041719768
     0.80719281     0.19172328     0.19253166   0.0041986984
     0.80819181     0.19072643     0.19153581   0.0042256985
     0.80919081     0.18972956     0.19053992   0.0042529816
     0.81018981     0.18873266     0.18954401    0.004280552
     0.81118881     0.18773572     0.18854806   0.0043084144
     0.81218781     0.18673876     0.18755209   0.0043365734
     0.81318681     0.18574176     0.18655609   0.0043650338
     0.81418581     0.18474474     0.18556005   0.0043938003
     0.81518482     0.18374769     0.18456399   0.0044228781
     0.81618382     0.18275061      0.1835679   0.0044522721
     0.81718282      0.1817535     0.18257178   0.0044819875
     0.81818182     0.18075636     0.18157563   0.0045120297
     0.81918082     0.17975919     0.18057946    0.004542404
     0.82017982       0.178762     0.17958326   0.0045731161
     0.82117882     0.17776478     0.17858703   0.0046041714
     0.82217782     0.17676753     0.17759077   0.0046355759
     0.82317682     0.17577026     0.17659448   0.0046673354
     0.82417582     0.17477296     0.17559817    0.004699456
     0.82517483     0.17377563     0.17460184    0.004731944
     0.82617383     0.17277828     0.17360547   0.0047648055
     0.82717283      0.1717809     0.17260908   0.0047980471
     0.82817183     0.17078349     0.17161267   0.0048316754
     0.82917083     0.16978606     0.17061623   0.0048656973
     0.83016983     0.16878861     0.16961976   0.0049001195
     0.83116883     0.16779113     0.16862327   0.0049349494
     0.83216783     0.16679362     0.16762676   0.0049701941
     0.83316683     0.16579609     0.16663022    0.005005861
     0.83416583     0.16479854     0.16563366   0.0050419579
     0.83516484     0.16380097     0.16463707   0.0050784925
     0.83616384     0.16280337     0.16364046   0.0051154728
     0.83716284     0.16180574     0.16264383   0.0051529071
     0.83816184      0.1608081     0.16164718   0.0051908037
     0.83916084     0.15981043      0.1606505   0.0052291712
     0.84015984     0.15881274     0.15965379   0.0052680186
     0.84115884     0.15781502     0.15865707   0.0053073547
     0.84215784     0.15681729     0.15766032    0.005347189
     0.84315684     0.15581953     0.15666356    0.005387531
     0.84415584     0.15482175     0.15566677   0.0054283903
     0.84515485     0.15382395     0.15466996    0.005469777
     0.84615385     0.15282612     0.15367312   0.0055117014
     0.84715285     0.15182828     0.15267627    0.005554174
     0.84815185     0.15083041     0.15167939   0.0055972057
     0.84915085     0.14983253      0.1506825   0.0056408075
     0.85014985     0.14883462     0.14968558   0.0056849908
     0.85114885      0.1478367     0.14868865   0.0057297674
     0.85214785     0.14683875     0.14769169   0.0057751493
     0.85314685     0.14584078     0.14669471   0.0058211488
     0.85414585      0.1448428     0.14569772   0.0058677787
     0.85514486     0.14384479      0.1447007   0.0059150519
     0.85614386     0.14284677     0.14370367   0.0059629818
     0.85714286     0.14184872     0.14270662   0.0060115823
     0.85814186     0.14085066     0.14170954   0.0060608675
     0.85914086     0.13985258     0.14071245    0.006110852
     0.86013986     0.13885448     0.13971534   0.0061615507
     0.86113886     0.13785636     0.13871821   0.0062129791
     0.86213786     0.13685822     0.13772107    0.006265153
     0.86313686     0.13586007      0.1367239   0.0063180888
     0.86413586      0.1348619     0.13572672   0.0063718032
     0.86513487     0.13386371     0.13472952   0.0064263136
     0.86613387      0.1328655      0.1337323   0.0064816378
     0.86713287     0.13186727     0.13273507   0.0065377941
     0.86813187     0.13086903     0.13173782   0.0065948014
     0.86913087     0.12987077     0.13074055   0.0066526793
     0.87012987      0.1288725     0.12974326   0.0067114478
     0.87112887     0.12787421     0.12874596   0.0067711276
     0.87212787      0.1268759     0.12774864   0.0068317401
     0.87312687     0.12587757     0.12675131   0.0068933074
     0.87412587     0.12487923     0.12575396   0.0069558521
     0.87512488     0.12388088     0.12475659   0.0070193977
     0.87612388      0.1228825     0.12375921   0.0070839684
     0.87712288     0.12188411     0.12276181   0.0071495892
     0.87812188     0.12088571      0.1217644    0.007216286
     0.87912088     0.11988729     0.12076697   0.0072840854
     0.88011988     0.11888886     0.11976952    0.007353015
     0.88111888     0.11789041     0.11877207   0.0074231033
     0.88211788     0.11689194     0.11777459   0.0074943797
     0.88311688     0.11589347      0.1167771   0.0075668746
     0.88411588     0.11489497      0.1157796   0.0076406197
     0.88511489     0.11389646     0.11478208   0.0077156476
     0.88611389     0.11289794     0.11378455   0.0077919919
     0.88711289     0.11189941       0.112787   0.0078696876
     0.88811189     0.11090085     0.11178944   0.0079487709
     0.88911089     0.10990229     0.11079187   0.0080292794
     0.89010989     0.10890371     0.10979428   0.0081112518
     0.89110889     0.10790512     0.10879668   0.0081947285
     0.89210789     0.10690652     0.10779907   0.0082797513
     0.89310689      0.1059079     0.10680144   0.0083663635
     0.89410589     0.10490927      0.1058038   0.0084546101
      0.8951049     0.10391062     0.10480614   0.0085445378
      0.8961039     0.10291196     0.10380847   0.0086361951
      0.8971029     0.10191329     0.10281079   0.0087296323
      0.8981019     0.10091461      0.1018131   0.0088249018
      0.8991009    0.099915915      0.1008154   0.0089220581
      0.9000999    0.098917207    0.099817678   0.0090211577
      0.9010989    0.097918486    0.098819948   0.0091222595
      0.9020979    0.096919754    0.097822205   0.0092254248
      0.9030969    0.095921009    0.096824451   0.0093307174
      0.9040959    0.094922253    0.095826685   0.0094382039
     0.90509491    0.093923484    0.094828906   0.0095479534
     0.90609391    0.092924704    0.093831117   0.0096600382
     0.90709291    0.091925913    0.092833315   0.0097745337
     0.90809191     0.09092711    0.091835502   0.0098915184
     0.90909091    0.089928295    0.090837678    0.010011074
     0.91008991     0.08892947    0.089839842    0.010133287
     0.91108891    0.087930633    0.088841996    0.010258247
     0.91208791    0.086931785    0.087844138    0.010386047
     0.91308691    0.085932926     0.08684627    0.010516785
     0.91408591    0.084934056     0.08584839    0.010650563
     0.91508492    0.083935176      0.0848505     0.01078749
     0.91608392    0.082936285    0.083852599    0.010927677
     0.91708292    0.081937384    0.082854688    0.011071242
     0.91808192    0.080938472    0.081856767    0.011218309
     0.91908092     0.07993955    0.080858835    0.011369007
     0.92007992    0.078940618    0.079860893    0.011523473
     0.92107892    0.077941676    0.078862941     0.01168185
     0.92207792    0.076942723    0.077864979    0.011844288
     0.92307692    0.075943761    0.076867007    0.012010946
     0.92407592    0.074944789    0.075869025    0.012181989
     0.92507493    0.073945808    0.074871034    0.012357594
     0.92607393    0.072946817    0.073873033    0.012537945
     0.92707293    0.071947816    0.072875022    0.012723237
     0.92807193    0.070948806    0.071877002    0.012913677
     0.92907093    0.069949787    0.070878973    0.013109482
     0.93006993    0.068950758    0.069880935    0.013310881
     0.93106893     0.06795172    0.068882887    0.013518118
     0.93206793    0.066952674    0.067884831     0.01373145
     0.93306693    0.065953618    0.066886765    0.013951151
     0.93406593    0.064954553    0.065888691     0.01417751
     0.93506494     0.06395548    0.064890608    0.014410833
     0.93606394    0.062956398    0.063892516    0.014651449
     0.93706294    0.061957308    0.062894416    0.014899703
     0.93806194    0.060958209    0.061896307    0.015155966
     0.93906094    0.059959101     0.06089819    0.015420631
     0.94005994    0.058959985    0.059900064    0.015694118
     0.94105894    0.057960861     0.05890193    0.015976877
     0.94205794    0.056961729    0.057903788    0.016269386
     0.94305694    0.055962589    0.056905638    0.016572159
     0.94405594    0.054963441     0.05590748    0.016885745
     0.94505495    0.053964284    0.054909314    0.017210735
     0.94605395     0.05296512     0.05391114    0.017547762
     0.94705295    0.051965948    0.052912959    0.017897507
     0.94805195    0.050966769    0.051914769    0.018260704
     0.94905095    0.049967582    0.050916572    0.018638144
     0.95004995    0.048968387    0.049918368    0.019030682
     0.95104895    0.047969185    0.048920156    0.019439243
     0.95204795    0.046969975    0.047921936    0.019864827
     0.95304695    0.045970759     0.04692371    0.020308521
     0.95404595    0.044971534    0.045925476    0.020771507
     0.95504496    0.043972303    0.044927235     0.02125507
     0.95604396    0.042973065    0.043928986    0.021760614
     0.95704296    0.041973819    0.042930731    0.022289672
     0.95804196    0.040974567    0.041932469    0.022843923
     0.95904096    0.039975308      0.0409342    0.023425212
     0.96003996    0.038976042    0.039935924    0.024035565
     0.96103896    0.037976769    0.038937641    0.024677218
     0.96203796    0.036977489    0.037939352    0.025352643
     0.96303696    0.035978203    0.036941056    0.026064578
     0.96403596     0.03497891    0.035942753    0.026816066
     0.96503497    0.033979611    0.034944444    0.027610496
     0.96603397    0.032980305    0.033946129    0.028451657
     0.96703297    0.031980993    0.032947807    0.029343798
     0.96803197    0.030981675    0.031949479    0.030291699
     0.96903097     0.02998235    0.030951145    0.031300755
     0.97002997     0.02898302    0.029952804    0.032377081
     0.97102897    0.027983683    0.028954457    0.033527638
     0.97202797     0.02698434    0.027956105    0.034760377
     0.97302697    0.025984991    0.026957746    0.036084431
     0.97402597    0.024985636    0.025959381    0.037510336
     0.97502498    0.023986276    0.024961011    0.039050314
     0.97602398    0.022986909    0.023962635    0.040718624
     0.97702298    0.021987537    0.022964253    0.042532005
     0.97802198    0.020988159    0.021965865    0.044510239
     0.97902098    0.019988775    0.020967471    0.046676877
     0.98001998    0.018989386    0.019969072    0.049060179
     0.98101898    0.017989991    0.018970668    0.051694356
     0.98201798    0.016990591    0.017972258     0.05462122
     0.98301698    0.015991185    0.016973842    0.057892421
     0.98401598    0.014991774    0.015975421    0.061572523
     0.98501499    0.013992358    0.014976995    0.065743307
     0.98601399    0.012992937    0.013978564    0.070509917
     0.98701299     0.01199351    0.012980127    0.076009854
     0.98801199    0.010994078    0.011981686    0.082426447
     0.98901099   0.0099946407    0.010983239    0.090009694
     0.99000999   0.0089951986   0.0099847867    0.099109592
     0.99100899   0.0079957514   0.0089863298     0.11023169
     0.99200799   0.0069962993   0.0079878679     0.12413432
     0.99300699   0.0059968423    0.006989401     0.14200912
     0.99400599   0.0049973805   0.0059909294      0.1658422
       0.995005   0.0039979138   0.0049924529      0.1992085
       0.996004   0.0029984424   0.0039939717     0.24925797
       0.997003   0.0019989663   0.0029954857     0.33267375
       0.998002  0.00099948544   0.0019969951     0.49950531
       0.999001  0.00099849152  0.00099849983  8.3166503e-06
              1              0              0              0