              0              0              0              0
    0.000999001   0.0089412456   0.0089413199  8.3166501e-06
    0.001998002    0.017783683    0.017783831  8.3166501e-06
    0.002997003    0.026528294    0.026528515  8.3166501e-06
    0.003996004    0.035176052    0.035176344  8.3166501e-06
    0.004995005    0.043727918    0.043728282  8.3166501e-06
    0.005994006    0.052184847    0.052185281  8.3166501e-06
    0.006993007    0.060547782    0.060548286  8.3166501e-06
    0.007992008    0.068817658     0.06881823  8.3166501e-06
    0.008991009    0.076995398    0.076996039  8.3166501e-06
     0.00999001     0.08508192    0.085082628  8.3166501e-06
    0.010989011     0.09307813    0.093078904  8.3166501e-06
    0.011988012     0.10098493     0.10098577  8.3166501e-06
    0.012987013      0.1088032      0.1088041  8.3166501e-06
    0.013986014     0.11653382     0.11653479  8.3166501e-06
    0.014985015     0.12417767      0.1241787  8.3166501e-06
    0.015984016     0.13173561      0.1317367  8.3166501e-06
    0.016983017     0.13920849     0.13920965  8.3166501e-06
    0.017982018     0.14659716     0.14659838  8.3166501e-06
    0.018981019     0.15390245     0.15390373  8.3166501e-06
     0.01998002      0.1611252     0.16112654  8.3166501e-06
    0.020979021     0.16826622     0.16826762  8.3166501e-06
    0.021978022     0.17532632     0.17532778  8.3166501e-06
    0.022977023     0.18230632     0.18230784  8.3166501e-06
    0.023976024     0.18920701     0.18920858  8.3166501e-06
    0.024975025     0.19602917      0.1960308  8.3166501e-06
    0.025974026     0.20277358     0.20277527  8.3166501e-06
    0.026973027     0.20944103     0.20944277  8.3166501e-06
    0.027972028     0.21603227     0.21603406  8.3166501e-06
    0.028971029     0.22254806     0.22254991  8.3166501e-06
     0.02997003     0.22898915     0.22899105  8.3166501e-06
    0.030969031     0.23535628     0.23535824  8.3166501e-06
    0.031968032      0.2416502     0.24165221  8.3166501e-06
    0.032967033     0.24787162     0.24787368  8.3166501e-06
    0.033966034     0.25402127     0.25402338  8.3166501e-06
    0.034965035     0.26009986     0.26010203  8.3166501e-06
    0.035964036      0.2661081     0.26611031  8.3166501e-06
    0.036963037     0.27204668     0.27204895  8.3166501e-06
    0.037962038     0.27791631     0.27791862  8.3166501e-06
    0.038961039     0.28371766     0.28372002  8.3166501e-06
     0.03996004     0.28945141     0.28945381  8.3166501e-06
    0.040959041     0.29511823     0.29512069  8.3166501e-06
    0.041958042      0.3007188      0.3007213  8.3166501e-06
    0.042957043     0.30625377     0.30625631  8.3166501e-06
    0.043956044     0.31172378     0.31172638  8.3166501e-06
    0.044955045      0.3171295     0.31713213  8.3166501e-06
    0.045954046     0.32247155     0.32247423  8.3166501e-06
    0.046953047     0.32775056     0.32775329  8.3166501e-06
    0.047952048     0.33296718     0.33296995  8.3166501e-06
    0.048951049     0.33812201     0.33812482  8.3166501e-06
     0.04995005     0.34321567     0.34321852  8.3166501e-06
    0.050949051     0.34824876     0.34825166  8.3166501e-06
    0.051948052      0.3532219     0.35322484  8.3166501e-06
    0.052947053     0.35813567     0.35813865  8.3166501e-06
    0.053946054     0.36299067     0.36299369  8.3166501e-06
    0.054945055     0.36778748     0.36779054  8.3166501e-06
    0.055944056     0.37252667     0.37252977  8.3166501e-06
    0.056943057     0.37720883     0.37721197  8.3166501e-06
    0.057942058     0.38183452      0.3818377  8.3166501e-06
    0.058941059      0.3864043     0.38640751  8.3166501e-06
     0.05994006     0.39091872     0.39092197  8.3166501e-06
    0.060939061     0.39537833     0.39538162  8.3166501e-06
    0.061938062     0.39978369     0.39978702  8.3166501e-06
    0.062937063     0.40413533     0.40413869  8.3166501e-06
    0.063936064     0.40843378     0.40843718  8.3166501e-06
    0.064935065     0.41267957     0.41268301  8.3166501e-06
    0.065934066     0.41687323      0.4168767  8.3166501e-06
    0.066933067     0.42101528     0.42101878  8.3166501e-06
    0.067932068     0.42510622     0.42510975  8.3166501e-06
    0.068931069     0.42914656     0.42915013  8.3166501e-06
     0.06993007     0.43313681     0.43314042  8.3166501e-06
    0.070929071     0.43707747     0.43708111  8.3166501e-06
    0.071928072     0.44096903      0.4409727  8.3166501e-06
    0.072927073     0.44481198     0.44481568  8.3166501e-06
    0.073926074     0.44860679     0.44861052  8.3166501e-06
    0.074925075     0.45235396     0.45235772  8.3166501e-06
    0.075924076     0.45605394     0.45605774  8.3166501e-06
    0.076923077     0.45970722     0.45971105  8.3166501e-06
    0.077922078     0.46331426     0.46331811  8.3166501e-06
    0.078921079     0.46687551     0.46687939  8.3166501e-06
     0.07992008     0.47039142     0.47039534  8.3166501e-06
    0.080919081     0.47386246     0.47386641  8.3166501e-06
    0.081918082     0.47728907     0.47729304  8.3166501e-06
    0.082917083     0.48067169     0.48067569  8.3166501e-06
    0.083916084     0.48401075     0.48401478  8.3166501e-06
    0.084915085     0.48730669     0.48731074  8.3166501e-06
    0.085914086     0.49055994     0.49056402  8.3166501e-06
    0.086913087     0.49377092     0.49377503  8.3166501e-06
    0.087912088     0.49694005     0.49694419  8.3166501e-06
    0.088911089     0.50006776     0.50007191  8.3166501e-06
     0.08991009     0.50315444     0.50315862  8.3166501e-06
    0.090909091      0.5062005     0.50620471  8.3166501e-06
    0.091908092     0.50920637      0.5092106  8.3166501e-06
    0.092907093     0.51217242     0.51217668  8.3166501e-06
    0.093906094     0.51509905     0.51510334  8.3166501e-06
    0.094905095     0.51798667     0.51799098  8.3166501e-06
    0.095904096     0.52083565     0.52083999  8.3166501e-06
    0.096903097     0.52364639     0.52365074  8.3166501e-06
    0.097902098     0.52641925     0.52642363  8.3166501e-06
    0.098901099     0.52915462     0.52915902  8.3166501e-06
      0.0999001     0.53185288      0.5318573  8.3166501e-06
      0.1008991     0.53451438     0.53451882  8.3166501e-06
      0.1018981     0.53713949     0.53714396  8.3166501e-06
      0.1028971     0.53972858     0.53973307  8.3166501e-06
      0.1038961       0.542282     0.54228651  8.3166501e-06
      0.1048951     0.54480012     0.54480465  8.3166501e-06
     0.10589411     0.54728327     0.54728782  8.3166501e-06
     0.10689311     0.54973181     0.54973638  8.3166501e-06
     0.10789211     0.55214608     0.55215067  8.3166501e-06
     0.10889111     0.55452642     0.55453103  8.3166501e-06
     0.10989011     0.55687317      0.5568778  8.3166501e-06
     0.11088911     0.55918666     0.55919131  8.3166501e-06
     0.11188811     0.56146723      0.5614719  8.3166501e-06
     0.11288711      0.5637152     0.56371989  8.3166501e-06
     0.11388611     0.56593089      0.5659356  8.3166501e-06
     0.11488511     0.56811463     0.56811935  8.3166501e-06
     0.11588412     0.57026673     0.57027147  8.3166501e-06
     0.11688312     0.57238751     0.57239227  8.3166501e-06
     0.11788212     0.57447728     0.57448206  8.3166501e-06
     0.11888112     0.57653634     0.57654114  8.3166501e-06
     0.11988012     0.57856501     0.57856982  8.3166501e-06
     0.12087912     0.58056358     0.58056841  8.3166501e-06
     0.12187812     0.58253236      0.5825372  8.3166501e-06
     0.12287712     0.58447164      0.5844765  8.3166501e-06
     0.12387612     0.58638171     0.58638658  8.3166501e-06
     0.12487512     0.58826286     0.58826775  8.3166501e-06
     0.12587413     0.59011538     0.59012029  8.3166501e-06
     0.12687313     0.59193956     0.59194449  8.3166501e-06
     0.12787213     0.59373568     0.59374062  8.3166501e-06
     0.12887113     0.59550401     0.59550897  8.3166501e-06
     0.12987013     0.59724484     0.59724981  8.3166501e-06
     0.13086913     0.59895843     0.59896341  8.3166501e-06
     0.13186813     0.60064506     0.60065005  8.3166501e-06
     0.13286713     0.60230499        0.60231  8.3166501e-06
     0.13386613     0.60393849     0.60394352  8.3166501e-06
     0.13486513     0.60554583     0.60555087  8.3166501e-06
     0.13586414     0.60712726     0.60713231  8.3166501e-06
     0.13686314     0.60868304      0.6086881  8.3166501e-06
     0.13786214     0.61021342      0.6102185  8.3166501e-06
     0.13886114     0.61171866     0.61172375  8.3166501e-06
     0.13986014     0.61319901     0.61320411  8.3166501e-06
     0.14085914     0.61465472     0.61465983  8.3166501e-06
     0.14185814     0.61608602     0.61609115  8.3166501e-06
     0.14285714     0.61749317     0.61749831  8.3166501e-06
     0.14385614      0.6188764     0.61888155  8.3166501e-06
     0.14485514     0.62023595     0.62024111  8.3166501e-06
     0.14585415     0.62157206     0.62157723  8.3166501e-06
     0.14685315     0.62288495     0.62289013  8.3166501e-06
     0.14785215     0.62417487     0.62418006  8.3166501e-06
     0.14885115     0.62544203     0.62544723  8.3166501e-06
     0.14985015     0.62668667     0.62669188  8.3166501e-06
     0.15084915     0.62790901     0.62791423  8.3166501e-06
     0.15184815     0.62910926     0.62911449  8.3166501e-06
     0.15284715     0.63028766      0.6302929  8.3166501e-06
     0.15384615     0.63144441     0.63144966  8.3166501e-06
     0.15484515     0.63257973     0.63258499  8.3166501e-06
     0.15584416     0.63369384     0.63369911  8.3166501e-06
     0.15684316     0.63478694     0.63479222  8.3166501e-06
     0.15784216     0.63585925     0.63586454  8.3166501e-06
     0.15884116     0.63691097     0.63691627  8.3166501e-06
     0.15984016      0.6379423     0.63794761  8.3166501e-06
     0.16083916     0.63895346     0.63895877  8.3166501e-06
     0.16183816     0.63994463     0.63994995  8.3166501e-06
     0.16283716     0.64091602     0.64092135  8.3166501e-06
     0.16383616     0.64186782     0.64187316  8.3166501e-06
     0.16483516     0.64280024     0.64280558  8.3166501e-06
     0.16583417     0.64371345     0.64371881  8.3166501e-06
     0.16683317     0.64460766     0.64461302  8.3166501e-06
     0.16783217     0.64548305     0.64548842  8.3166501e-06
     0.16883117     0.64633981     0.64634518  8.3166501e-06
     0.16983017     0.64717812      0.6471835  8.3166501e-06
     0.17082917     0.64799817     0.64800356  8.3166501e-06
     0.17182817     0.64880013     0.64880553  8.3166501e-06
     0.17282717      0.6495842      0.6495896  8.3166501e-06
     0.17382617     0.65035054     0.65035595  8.3166501e-06
     0.17482517     0.65109934     0.65110475  8.3166501e-06
     0.17582418     0.65183076     0.65183618  8.3166501e-06
     0.17682318     0.65254498     0.65255041  8.3166501e-06
     0.17782218     0.65324217     0.65324761  8.3166501e-06
     0.17882118      0.6539225     0.65392794  8.3166501e-06
     0.17982018     0.65458614     0.65459159  8.3166501e-06
     0.18081918     0.65523326     0.65523871  8.3166501e-06
     0.18181818     0.65586401     0.65586946  8.3166501e-06
     0.18281718     0.65647856     0.65648402  8.3166501e-06
     0.18381618     0.65707707     0.65708253  8.3166501e-06
     0.18481518      0.6576597     0.65766517  8.3166501e-06
     0.18581419     0.65822661     0.65823209  8.3166501e-06
     0.18681319     0.65877796     0.65878344  8.3166501e-06
     0.18781219      0.6593139     0.65931938  8.3166501e-06
     0.18881119     0.65983458     0.65984006  8.3166501e-06
     0.18981019     0.66034015     0.66034564  8.3166501e-06
     0.19080919     0.66083077     0.66083626  8.3166501e-06
     0.19180819     0.66130658     0.66131208  8.3166501e-06
     0.19280719     0.66176773     0.66177324  8.3166501e-06
     0.19380619     0.66221437     0.66221988  8.3166501e-06
     0.19480519     0.66264664     0.66265215  8.3166501e-06
      0.1958042     0.66306468      0.6630702  8.3166501e-06
      0.1968032     0.66346864     0.66347416  8.3166501e-06
      0.1978022     0.66385865     0.66386417  8.3166501e-06
      0.1988012     0.66423485     0.66424038  8.3166501e-06
      0.1998002     0.66459739     0.66460292  8.3166501e-06
      0.2007992     0.66494639     0.66495192  8.3166501e-06
      0.2017982       0.665282     0.66528753  8.3166501e-06
      0.2027972     0.66560433     0.66560987  8.3166501e-06
      0.2037962     0.66591354     0.66591907  8.3166501e-06
      0.2047952     0.66620974     0.66621528  8.3166501e-06
     0.20579421     0.66649306      0.6664986  8.3166501e-06
     0.20679321     0.66676364     0.66676919  8.3166501e-06
     0.20779221      0.6670216     0.66702715  8.3166501e-06
     0.20879121     0.66726707     0.66727262  8.3166501e-06
     0.20979021     0.66750016     0.66750572  8.3166501e-06
     0.21078921     0.66772101     0.66772657  8.3166501e-06
     0.21178821     0.66792974     0.66793529  8.3166501e-06
     0.21278721     0.66812646     0.66813201  8.3166501e-06
     0.21378621     0.66831129     0.66831685  8.3166501e-06
     0.21478521     0.66848436     0.66848992  8.3166501e-06
     0.21578422     0.66864578     0.66865134  8.3166501e-06
     0.21678322     0.66879566     0.66880122  8.3166501e-06
     0.21778222     0.66893412     0.66893969  8.3166501e-06
     0.21878122     0.66906128     0.66906684  8.3166501e-06
     0.21978022     0.66917724     0.66918281  8.3166501e-06
     0.22077922     0.66928212     0.66928769  8.3166501e-06
     0.22177822     0.66937603      0.6693816  8.3166501e-06
     0.22277722     0.66945908     0.66946465  8.3166501e-06
     0.22377622     0.66953137     0.66953694  8.3166501e-06
     0.22477522     0.66959301     0.66959858  8.3166501e-06
     0.22577423     0.66964411     0.66964968  8.3166501e-06
     0.22677323     0.66968477     0.66969034  8.3166501e-06
     0.22777223      0.6697151     0.66972067  8.3166501e-06
     0.22877123     0.66973519     0.66974076  8.3166501e-06
     0.22977023     0.66974516     0.66975073  8.3166501e-06
     0.23076923      0.6697451     0.66975067  8.3166501e-06
     0.23176823      0.6697351     0.66974067  8.3166501e-06
     0.23276723     0.66971528     0.66972085  8.3166501e-06
     0.23376623     0.66968573      0.6696913  8.3166501e-06
     0.23476523     0.66964654      0.6696521  8.3166501e-06
     0.23576424      0.6695978     0.66960337  8.3166501e-06
     0.23676324     0.66953963      0.6695452  8.3166501e-06
     0.23776224      0.6694721     0.66947767  8.3166501e-06
     0.23876124     0.66939531     0.66940088  8.3166501e-06
     0.23976024     0.66930936     0.66931493  8.3166501e-06
     0.24075924     0.66921433      0.6692199  8.3166501e-06
     0.24175824     0.66911032     0.66911588  8.3166501e-06
     0.24275724     0.66899741     0.66900297  8.3166501e-06
     0.24375624     0.66887569     0.66888125  8.3166501e-06
     0.24475524     0.66874525     0.66875081  8.3166501e-06
     0.24575425     0.66860618     0.66861174  8.3166501e-06
     0.24675325     0.66845856     0.66846412  8.3166501e-06
     0.24775225     0.66830248     0.66830804  8.3166501e-06
     0.24875125     0.66813802     0.66814358  8.3166501e-06
     0.24975025     0.66796527     0.66797083  8.3166501e-06
     0.25074925     0.66778431     0.66778986  8.3166501e-06
     0.25174825     0.66759521     0.66760076  8.3166501e-06
     0.25274725     0.66739806     0.66740361  8.3166501e-06
     0.25374625     0.66719294     0.66719849  8.3166501e-06
     0.25474525     0.66697993     0.66698548  8.3166501e-06
     0.25574426     0.66675911     0.66676466  8.3166501e-06
     0.25674326     0.66653056      0.6665361  8.3166501e-06
     0.25774226     0.66629434     0.66629989  8.3166501e-06
     0.25874126     0.66605055     0.66605609  8.3166501e-06
     0.25974026     0.66579925     0.66580479  8.3166501e-06
     0.26073926     0.66554051     0.66554605  8.3166501e-06
     0.26173826     0.66527442     0.66527996  8.3166501e-06
     0.26273726     0.66500105     0.66500658  8.3166501e-06
     0.26373626     0.66472046     0.66472599  8.3166501e-06
     0.26473526     0.66443273     0.66443825  8.3166501e-06
     0.26573427     0.66413793     0.66414345  8.3166501e-06
     0.26673327     0.66383613     0.66384165  8.3166501e-06
     0.26773227      0.6635274     0.66353292  8.3166501e-06
     0.26873127     0.66321181     0.66321733  8.3166501e-06
     0.26973027     0.66288943     0.66289494  8.3166501e-06
     0.27072927     0.66256032     0.66256583  8.3166501e-06
     0.27172827     0.66222456     0.66223007  8.3166501e-06
     0.27272727      0.6618822     0.66188771  8.3166501e-06
     0.27372627     0.66153332     0.66153882  8.3166501e-06
     0.27472527     0.66117797     0.66118347  8.3166501e-06
     0.27572428     0.66081623     0.66082172  8.3166501e-06
     0.27672328     0.66044815     0.66045364  8.3166501e-06
     0.27772228      0.6600738     0.66007929  8.3166501e-06
     0.27872128     0.65969324     0.65969873  8.3166501e-06
     0.27972028     0.65930654     0.65931202  8.3166501e-06
     0.28071928     0.65891375     0.65891923  8.3166501e-06
     0.28171828     0.65851493     0.65852041  8.3166501e-06
     0.28271728     0.65811015     0.65811562  8.3166501e-06
     0.28371628     0.65769946     0.65770493  8.3166501e-06
     0.28471528     0.65728293     0.65728839  8.3166501e-06
     0.28571429      0.6568606     0.65686607  8.3166501e-06
     0.28671329     0.65643255     0.65643801  8.3166501e-06
     0.28771229     0.65599882     0.65600427  8.3166501e-06
     0.28871129     0.65555947     0.65556492  8.3166501e-06
     0.28971029     0.65511456        0.65512  8.3166501e-06
     0.29070929     0.65466414     0.65466958  8.3166501e-06
     0.29170829     0.65420826     0.65421371  8.3166501e-06
     0.29270729       0.653747     0.65375243  8.3166501e-06
     0.29370629     0.65328038     0.65328581  8.3166501e-06
     0.29470529     0.65280847      0.6528139  8.3166501e-06
      0.2957043     0.65233133     0.65233675  8.3166501e-06
      0.2967033       0.651849     0.65185442  8.3166501e-06
      0.2977023     0.65136153     0.65136695  8.3166501e-06
      0.2987013     0.65086898     0.65087439  8.3166501e-06
      0.2997003     0.65037139      0.6503768  8.3166501e-06
      0.3006993     0.64986882     0.64987423  8.3166501e-06
      0.3016983     0.64936132     0.64936672  8.3166501e-06
      0.3026973     0.64884893     0.64885433  8.3166501e-06
      0.3036963     0.64833171      0.6483371  8.3166501e-06
      0.3046953      0.6478097     0.64781508  8.3166501e-06
     0.30569431     0.64728294     0.64728833  8.3166501e-06
     0.30669331     0.64675149     0.64675687  8.3166501e-06
     0.30769231      0.6462154     0.64622077  8.3166501e-06
     0.30869131      0.6456747     0.64568007  8.3166501e-06
     0.30969031     0.64512945     0.64513482  8.3166501e-06
     0.31068931     0.64457969     0.64458505  8.3166501e-06
     0.31168831     0.64402547     0.64403082  8.3166501e-06
     0.31268731     0.64346682     0.64347217  8.3166501e-06
     0.31368631      0.6429038     0.64290914  8.3166501e-06
     0.31468531     0.64233644     0.64234178  8.3166501e-06
     0.31568432     0.64176479     0.64177013  8.3166501e-06
     0.31668332      0.6411889     0.64119423  8.3166501e-06
     0.31768232      0.6406088     0.64061413  8.3166501e-06
     0.31868132     0.64002454     0.64002986  8.3166501e-06
     0.31968032     0.63943615     0.63944147  8.3166501e-06
     0.32067932     0.63884369       0.638849  8.3166501e-06
     0.32167832     0.63824718     0.63825249  8.3166501e-06
     0.32267732     0.63764668     0.63765198  8.3166501e-06
     0.32367632     0.63704221     0.63704751  8.3166501e-06
     0.32467532     0.63643382     0.63643911  8.3166501e-06
     0.32567433     0.63582155     0.63582684  8.3166501e-06
     0.32667333     0.63520543     0.63521072  8.3166501e-06
     0.32767233     0.63458551     0.63459079  8.3166501e-06
     0.32867133     0.63396183      0.6339671  8.3166501e-06
     0.32967033     0.63333441     0.63333968  8.3166501e-06
     0.33066933      0.6327033     0.63270856  8.3166501e-06
     0.33166833     0.63206853     0.63207379  8.3166501e-06
     0.33266733     0.63143014      0.6314354  8.3166501e-06
     0.33366633     0.63078817     0.63079342  8.3166501e-06
     0.33466533     0.63014265     0.63014789  8.3166501e-06
     0.33566434     0.62949362     0.62949885  8.3166501e-06
     0.33666334     0.62884111     0.62884634  8.3166501e-06
     0.33766234     0.62818515     0.62819038  8.3166501e-06
     0.33866134     0.62752579     0.62753101  8.3166501e-06
     0.33966034     0.62686305     0.62686826  8.3166501e-06
     0.34065934     0.62619697     0.62620218  8.3166501e-06
     0.34165834     0.62552758     0.62553278  8.3166501e-06
     0.34265734     0.62485491     0.62486011  8.3166501e-06
     0.34365634       0.624179     0.62418419  8.3166501e-06
     0.34465534     0.62349988     0.62350506  8.3166501e-06
     0.34565435     0.62281758     0.62282276  8.3166501e-06
     0.34665335     0.62213213     0.62213731  8.3166501e-06
     0.34765235     0.62144357     0.62144874  8.3166501e-06
     0.34865135     0.62075192     0.62075708  8.3166501e-06
     0.34965035     0.62005721     0.62006237  8.3166501e-06
     0.35064935     0.61935949     0.61936464  8.3166501e-06
     0.35164835     0.61865876     0.61866391  8.3166501e-06
     0.35264735     0.61795508     0.61796022  8.3166501e-06
     0.35364635     0.61724846     0.61725359  8.3166501e-06
     0.35464535     0.61653893     0.61654406  8.3166501e-06
     0.35564436     0.61582652     0.61583164  8.3166501e-06
     0.35664336     0.61511127     0.61511639  8.3166501e-06
     0.35764236      0.6143932     0.61439831  8.3166501e-06
     0.35864136     0.61367233     0.61367744  8.3166501e-06
     0.35964036      0.6129487      0.6129538  8.3166501e-06
     0.36063936     0.61222234     0.61222743  8.3166501e-06
     0.36163836     0.61149326     0.61149835  8.3166501e-06
     0.36263736      0.6107615     0.61076658  8.3166501e-06
     0.36363636     0.61002709     0.61003216  8.3166501e-06
     0.36463536     0.60929005     0.60929512  8.3166501e-06
     0.36563437      0.6085504     0.60855546  8.3166501e-06
     0.36663337     0.60780818     0.60781323  8.3166501e-06
     0.36763237      0.6070634     0.60706845  8.3166501e-06
     0.36863137      0.6063161     0.60632114  8.3166501e-06
     0.36963037     0.60556629     0.60557133  8.3166501e-06
     0.37062937     0.60481401     0.60481904  8.3166501e-06
     0.37162837     0.60405928      0.6040643  8.3166501e-06
     0.37262737     0.60330212     0.60330714  8.3166501e-06
     0.37362637     0.60254256     0.60254757  8.3166501e-06
     0.37462537     0.60178061     0.60178562  8.3166501e-06
     0.37562438     0.60101631     0.60102131  8.3166501e-06
     0.37662338     0.60024968     0.60025468  8.3166501e-06
     0.37762238     0.59948074     0.59948573  8.3166501e-06
     0.37862138     0.59870952     0.59871449  8.3166501e-06
     0.37962038     0.59793602       0.597941  8.3166501e-06
     0.38061938     0.59716029     0.59716526  8.3166501e-06
     0.38161838     0.59638234      0.5963873  8.3166501e-06
     0.38261738      0.5956022     0.59560715  8.3166501e-06
     0.38361638     0.59481987     0.59482482  8.3166501e-06
     0.38461538      0.5940354     0.59404034  8.3166501e-06
     0.38561439     0.59324879     0.59325372  8.3166501e-06
     0.38661339     0.59246007       0.592465  8.3166501e-06
     0.38761239     0.59166926     0.59167418  8.3166501e-06
     0.38861139     0.59087639      0.5908813  8.3166501e-06
     0.38961039     0.59008146     0.59008637  8.3166501e-06
     0.39060939     0.58928451     0.58928941  8.3166501e-06
     0.39160839     0.58848555     0.58849044  8.3166501e-06
     0.39260739      0.5876846     0.58768949  8.3166501e-06
     0.39360639     0.58688168     0.58688656  8.3166501e-06
     0.39460539     0.58607681     0.58608169  8.3166501e-06
      0.3956044     0.58527002     0.58527489  8.3166501e-06
      0.3966034     0.58446131     0.58446617  8.3166501e-06
      0.3976024     0.58365072     0.58365557  8.3166501e-06
      0.3986014     0.58283825      0.5828431  8.3166501e-06
      0.3996004     0.58202393     0.58202877  8.3166501e-06
      0.4005994     0.58120777      0.5812126  8.3166501e-06
      0.4015984      0.5803898     0.58039462  8.3166501e-06
      0.4025974     0.57957002     0.57957484  8.3166501e-06
      0.4035964     0.57874847     0.57875328  8.3166501e-06
      0.4045954     0.57792515     0.57792996  8.3166501e-06
     0.40559441     0.57710009     0.57710489  8.3166501e-06
     0.40659341     0.57627329     0.57627809  8.3166501e-06
     0.40759241     0.57544479     0.57544958  8.3166501e-06
     0.40859141     0.57461459     0.57461937  8.3166501e-06
     0.40959041     0.57378272     0.57378749  8.3166501e-06
     0.41058941     0.57294918     0.57295395  8.3166501e-06
     0.41158841       0.572114     0.57211876  8.3166501e-06
     0.41258741      0.5712772     0.57128195  8.3166501e-06
     0.41358641     0.57043878     0.57044352  8.3166501e-06
     0.41458541     0.56959876      0.5696035  8.3166501e-06
     0.41558442     0.56875717      0.5687619  8.3166501e-06
     0.41658342     0.56791401     0.56791873  8.3166501e-06
     0.41758242      0.5670693     0.56707402  8.3166501e-06
     0.41858142     0.56622306     0.56622777  8.3166501e-06
     0.41958042      0.5653753        0.56538  8.3166501e-06
     0.42057942     0.56452604     0.56453073  8.3166501e-06
     0.42157842     0.56367529     0.56367998  8.3166501e-06
     0.42257742     0.56282307     0.56282775  8.3166501e-06
     0.42357642     0.56196938     0.56197406  8.3166501e-06
     0.42457542     0.56111426     0.56111893  8.3166501e-06
     0.42557443      0.5602577     0.56026236  8.3166501e-06
     0.42657343     0.55939973     0.55940439  8.3166501e-06
     0.42757243     0.55854036     0.55854501  8.3166501e-06
     0.42857143      0.5576796     0.55768424  8.3166501e-06
     0.42957043     0.55681747      0.5568221  8.3166501e-06
     0.43056943     0.55595398      0.5559586  8.3166501e-06
     0.43156843     0.55508914     0.55509376  8.3166501e-06
     0.43256743     0.55422297     0.55422758  8.3166501e-06
     0.43356643     0.55335548     0.55336008  8.3166501e-06
     0.43456543     0.55248668     0.55249127  8.3166501e-06
     0.43556444     0.55161658     0.55162117  8.3166501e-06
     0.43656344     0.55074521     0.55074979  8.3166501e-06
     0.43756244     0.54987257     0.54987714  8.3166501e-06
     0.43856144     0.54899867     0.54900324  8.3166501e-06
     0.43956044     0.54812353     0.54812809  8.3166501e-06
     0.44055944     0.54724716     0.54725171  8.3166501e-06
     0.44155844     0.54636957     0.54637412  8.3166501e-06
     0.44255744     0.54549078     0.54549531  8.3166501e-06
     0.44355644     0.54461079     0.54461532  8.3166501e-06
     0.44455544     0.54372962     0.54373414  8.3166501e-06
     0.44555445     0.54284727     0.54285179  8.3166501e-06
     0.44655345     0.54196377     0.54196828  8.3166501e-06
     0.44755245     0.54107912     0.54108362  8.3166501e-06
     0.44855145     0.54019334     0.54019783  8.3166501e-06
     0.44955045     0.53930643     0.53931091  8.3166501e-06
     0.45054945      0.5384184     0.53842288  8.3166501e-06
     0.45154845     0.53752927     0.53753374  8.3166501e-06
     0.45254745     0.53663906     0.53664352  8.3166501e-06
     0.45354645     0.53574776     0.53575221  8.3166501e-06
     0.45454545     0.53485539     0.53485984  8.3166501e-06
     0.45554446     0.53396196      0.5339664  8.3166501e-06
     0.45654346     0.53306748     0.53307191  8.3166501e-06
     0.45754246     0.53217196     0.53217639  8.3166501e-06
     0.45854146     0.53127542     0.53127984  8.3166501e-06
     0.45954046     0.53037786     0.53038227  8.3166501e-06
     0.46053946     0.52947929     0.52948369  8.3166501e-06
     0.46153846     0.52857972     0.52858412  8.3166501e-06
     0.46253746     0.52767917     0.52768355  8.3166501e-06
     0.46353646     0.52677763     0.52678201  8.3166501e-06
     0.46453546     0.52587513      0.5258795  8.3166501e-06
     0.46553447     0.52497167     0.52497603  8.3166501e-06
     0.46653347     0.52406726     0.52407162  8.3166501e-06
     0.46753247     0.52316191     0.52316626  8.3166501e-06
     0.46853147     0.52225563     0.52225997  8.3166501e-06
     0.46953047     0.52134843     0.52135276  8.3166501e-06
     0.47052947     0.52044032     0.52044464  8.3166501e-06
     0.47152847      0.5195313     0.51953562  8.3166501e-06
     0.47252747     0.51862139      0.5186257  8.3166501e-06
     0.47352647     0.51771059      0.5177149  8.3166501e-06
     0.47452547     0.51679892     0.51680322  8.3166501e-06
     0.47552448     0.51588638     0.51589068  8.3166501e-06
     0.47652348     0.51497299     0.51497727  8.3166501e-06
     0.47752248     0.51405874     0.51406301  8.3166501e-06
     0.47852148     0.51314365     0.51314792  8.3166501e-06
     0.47952048     0.51222773     0.51223199  8.3166501e-06
     0.48051948     0.51131098     0.51131523  8.3166501e-06
     0.48151848     0.51039341     0.51039766  8.3166501e-06
     0.48251748     0.50947504     0.50947927  8.3166501e-06
     0.48351648     0.50855586     0.50856009  8.3166501e-06
     0.48451548     0.50763589     0.50764011  8.3166501e-06
     0.48551449     0.50671514     0.50671935  8.3166501e-06
     0.48651349     0.50579361     0.50579781  8.3166501e-06
     0.48751249     0.50487131      0.5048755  8.3166501e-06
     0.48851149     0.50394824     0.50395243  8.3166501e-06
     0.48951049     0.50302443     0.50302861  8.3166501e-06
     0.49050949     0.50209986     0.50210404  8.3166501e-06
     0.49150849     0.50117456     0.50117873  8.3166501e-06
     0.49250749     0.50024852     0.50025269  8.3166501e-06
     0.49350649     0.49932176     0.49932592  8.3166501e-06
     0.49450549     0.49839429     0.49839843  8.3166501e-06
      0.4955045      0.4974661     0.49747024  8.3166501e-06
      0.4965035     0.49653721     0.49654134  8.3166501e-06
      0.4975025     0.49560762     0.49561174  8.3166501e-06
      0.4985015     0.49467734     0.49468146  8.3166501e-06
      0.4995005     0.49374638     0.49375049  8.3166501e-06
      0.5004995     0.49281475     0.49281885  8.3166501e-06
      0.5014985     0.49188244     0.49188653  8.3166501e-06
      0.5024975     0.49094948     0.49095356  8.3166501e-06
      0.5034965     0.49001585     0.49001993  8.3166501e-06
      0.5044955     0.48908158     0.48908565  8.3166501e-06
     0.50549451     0.48814667     0.48815073  8.3166501e-06
     0.50649351     0.48721112     0.48721517  8.3166501e-06
     0.50749251     0.48627493     0.48627898  8.3166501e-06
     0.50849151     0.48533813     0.48534216  8.3166501e-06
     0.50949051      0.4844007     0.48440473  8.3166501e-06
     0.51048951     0.48346267     0.48346669  8.3166501e-06
     0.51148851     0.48252403     0.48252804  8.3166501e-06
     0.51248751     0.48158479     0.48158879  8.3166501e-06
     0.51348651     0.48064496     0.48064895  8.3166501e-06
     0.51448551     0.47970453     0.47970852  8.3166501e-06
     0.51548452     0.47876353     0.47876751  8.3166501e-06
     0.51648352     0.47782195     0.47782593  8.3166501e-06
     0.51748252      0.4768798     0.47688377  8.3166501e-06
     0.51848152     0.47593709     0.47594105  8.3166501e-06
     0.51948052     0.47499382     0.47499777  8.3166501e-06
     0.52047952     0.47404999     0.47405393  8.3166501e-06
     0.52147852     0.47310562     0.47310955  8.3166501e-06
     0.52247752      0.4721607     0.47216463  8.3166501e-06
     0.52347652     0.47121525     0.47121917  8.3166501e-06
     0.52447552     0.47026926     0.47027317  8.3166501e-06
     0.52547453     0.46932275     0.46932665  8.3166501e-06
     0.52647353     0.46837572     0.46837961  8.3166501e-06
     0.52747253     0.46742817     0.46743206  8.3166501e-06
     0.52847153     0.46648011     0.46648399  8.3166501e-06
     0.52947053     0.46553154     0.46553542  8.3166501e-06
     0.53046953     0.46458248     0.46458634  8.3166501e-06
     0.53146853     0.46363291     0.46363677  8.3166501e-06
     0.53246753     0.46268286     0.46268671  8.3166501e-06
     0.53346653     0.46173232     0.46173616  8.3166501e-06
     0.53446553      0.4607813     0.46078513  8.3166501e-06
     0.53546454     0.45982981     0.45983363  8.3166501e-06
     0.53646354     0.45887784     0.45888165  8.3166501e-06
     0.53746254      0.4579254     0.45792921  8.3166501e-06
     0.53846154      0.4569725      0.4569763  8.3166501e-06
     0.53946054     0.45601915     0.45602294  8.3166501e-06
     0.54045954     0.45506534     0.45506912  8.3166501e-06
     0.54145854     0.45411108     0.45411486  8.3166501e-06
     0.54245754     0.45315638     0.45316015  8.3166501e-06
     0.54345654     0.45220124       0.452205  8.3166501e-06
     0.54445554     0.45124566     0.45124941  8.3166501e-06
     0.54545455     0.45028965      0.4502934  8.3166501e-06
     0.54645355     0.44933322     0.44933695  8.3166501e-06
     0.54745255     0.44837636     0.44838009  8.3166501e-06
     0.54845155     0.44741908     0.44742281  8.3166501e-06
     0.54945055     0.44646139     0.44646511  8.3166501e-06
     0.55044955     0.44550329       0.445507  8.3166501e-06
     0.55144855     0.44454479     0.44454849  8.3166501e-06
     0.55244755     0.44358588     0.44358957  8.3166501e-06
     0.55344655     0.44262657     0.44263025  8.3166501e-06
     0.55444555     0.44166687     0.44167055  8.3166501e-06
     0.55544456     0.44070678     0.44071045  8.3166501e-06
     0.55644356     0.43974631     0.43974996  8.3166501e-06
     0.55744256     0.43878545      0.4387891  8.3166501e-06
     0.55844156     0.43782421     0.43782785  8.3166501e-06
     0.55944056      0.4368626     0.43686623  8.3166501e-06
     0.56043956     0.43590061     0.43590424  8.3166501e-06
     0.56143856     0.43493826     0.43494188  8.3166501e-06
     0.56243756     0.43397555     0.43397916  8.3166501e-06
     0.56343656     0.43301247     0.43301607  8.3166501e-06
     0.56443556     0.43204904     0.43205263  8.3166501e-06
     0.56543457     0.43108526     0.43108884  8.3166501e-06
     0.56643357     0.43012112      0.4301247  8.3166501e-06
     0.56743257     0.42915664     0.42916021  8.3166501e-06
     0.56843157     0.42819182     0.42819538  8.3166501e-06
     0.56943057     0.42722666     0.42723021  8.3166501e-06
     0.57042957     0.42626116      0.4262647  8.3166501e-06
     0.57142857     0.42529533     0.42529887  8.3166501e-06
     0.57242757     0.42432917      0.4243327  8.3166501e-06
     0.57342657     0.42336268      0.4233662  8.3166501e-06
     0.57442557     0.42239588     0.42239939  8.3166501e-06
     0.57542458     0.42142875     0.42143225  8.3166501e-06
     0.57642358      0.4204613      0.4204648  8.3166501e-06
     0.57742258     0.41949355     0.41949704  8.3166501e-06
     0.57842158     0.41852548     0.41852896  8.3166501e-06
     0.57942058     0.41755711     0.41756058  8.3166501e-06
     0.58041958     0.41658843     0.41659189  8.3166501e-06
     0.58141858     0.41561945     0.41562291  8.3166501e-06
     0.58241758     0.41465017     0.41465362  8.3166501e-06
     0.58341658      0.4136806     0.41368404  8.3166501e-06
     0.58441558     0.41271074     0.41271417  8.3166501e-06
     0.58541459     0.41174058     0.41174401  8.3166501e-06
     0.58641359     0.41077014     0.41077356  8.3166501e-06
     0.58741259     0.40979942     0.40980283  8.3166501e-06
     0.58841159     0.40882842     0.40883182  8.3166501e-06
     0.58941059     0.40785714     0.40786053  8.3166501e-06
     0.59040959     0.40688558     0.40688897  8.3166501e-06
     0.59140859     0.40591375     0.40591713  8.3166501e-06
     0.59240759     0.40494166     0.40494503  8.3166501e-06
     0.59340659     0.40396929     0.40397265  8.3166501e-06
     0.59440559     0.40299666     0.40300002  8.3166501e-06
      0.5954046     0.40202377     0.40202712  8.3166501e-06
      0.5964036     0.40105062     0.40105396  8.3166501e-06
      0.5974026     0.40007722     0.40008055  8.3166501e-06
      0.5984016     0.39910356     0.39910688  8.3166501e-06
      0.5994006     0.39812965     0.39813296  8.3166501e-06
      0.6003996     0.39715549     0.39715879  8.3166501e-06
      0.6013986     0.39618108     0.39618438  8.3166501e-06
      0.6023976     0.39520643     0.39520972  8.3166501e-06
      0.6033966     0.39423154     0.39423482  8.3166501e-06
      0.6043956     0.39325641     0.39325968  8.3166501e-06
     0.60539461     0.39228104      0.3922843  8.3166501e-06
     0.60639361     0.39130544     0.39130869  8.3166501e-06
     0.60739261      0.3903296     0.39033285  8.3166501e-06
     0.60839161     0.38935354     0.38935678  8.3166501e-06
     0.60939061     0.38837725     0.38838048  8.3166501e-06
     0.61038961     0.38740073     0.38740395  8.3166501e-06
     0.61138861     0.38642399     0.38642721  8.3166501e-06
     0.61238761     0.38544703     0.38545024  8.3166501e-06
     0.61338661     0.38446985     0.38447305  8.3166501e-06
     0.61438561     0.38349246     0.38349565  8.3166501e-06
     0.61538462     0.38251485     0.38251803  8.3166501e-06
     0.61638362     0.38153703      0.3815402  8.3166501e-06
     0.61738262       0.380559     0.38056216  8.3166501e-06
     0.61838162     0.37958076     0.37958391  8.3166501e-06
     0.61938062     0.37860231     0.37860546  8.3166501e-06
     0.62037962     0.37762366      0.3776268  8.3166501e-06
     0.62137862     0.37664481     0.37664794  8.3166501e-06
     0.62237762     0.37566576     0.37566889  8.3166501e-06
     0.62337662     0.37468651     0.37468963  8.3166501e-06
     0.62437562     0.37370707     0.37371018  8.3166501e-06
     0.62537463     0.37272743     0.37273053  8.3166501e-06
     0.62637363      0.3717476     0.37175069  8.3166501e-06
     0.62737263     0.37076758     0.37077066  8.3166501e-06
     0.62837163     0.36978737     0.36979045  8.3166501e-06
     0.62937063     0.36880698     0.36881005  8.3166501e-06
     0.63036963      0.3678264     0.36782946  8.3166501e-06
     0.63136863     0.36684564     0.36684869  8.3166501e-06
     0.63236763      0.3658647     0.36586774  8.3166501e-06
     0.63336663     0.36488357     0.36488661  8.3166501e-06
     0.63436563     0.36390228      0.3639053  8.3166501e-06
     0.63536464      0.3629208     0.36292382  8.3166501e-06
     0.63636364     0.36193915     0.36194216  8.3166501e-06
     0.63736264     0.36095734     0.36096034  8.3166501e-06
     0.63836164     0.35997535     0.35997834  8.3166501e-06
     0.63936064     0.35899319     0.35899617  8.3166501e-06
     0.64035964     0.35801086     0.35801384  8.3166501e-06
     0.64135864     0.35702837     0.35703134  8.3166501e-06
     0.64235764     0.35604572     0.35604868  8.3166501e-06
     0.64335664      0.3550629     0.35506585  8.3166501e-06
     0.64435564     0.35407993     0.35408287  8.3166501e-06
     0.64535465     0.35309679     0.35309973  8.3166501e-06
     0.64635365      0.3521135     0.35211643  8.3166501e-06
     0.64735265     0.35113005     0.35113297  8.3166501e-06
     0.64835165     0.35014645     0.35014936  8.3166501e-06
     0.64935065     0.34916269      0.3491656  8.3166501e-06
     0.65034965     0.34817879     0.34818168  8.3166501e-06
     0.65134865     0.34719473     0.34719762  8.3166501e-06
     0.65234765     0.34621053     0.34621341  8.3166501e-06
     0.65334665     0.34522618     0.34522905  8.3166501e-06
     0.65434565     0.34424169     0.34424455  8.3166501e-06
     0.65534466     0.34325705      0.3432599  8.3166501e-06
     0.65634366     0.34227227     0.34227511  8.3166501e-06
     0.65734266     0.34128735     0.34129018  8.3166501e-06
     0.65834166     0.34030228     0.34030511  8.3166501e-06
     0.65934066     0.33931709     0.33931991  8.3166501e-06
     0.66033966     0.33833175     0.33833456  8.3166501e-06
     0.66133866     0.33734628     0.33734908  8.3166501e-06
     0.66233766     0.33636067     0.33636347  8.3166501e-06
     0.66333666     0.33537494     0.33537773  8.3166501e-06
     0.66433566     0.33438907     0.33439185  8.3166501e-06
     0.66533467     0.33340307     0.33340584  8.3166501e-06
     0.66633367     0.33241694     0.33241971  8.3166501e-06
     0.66733267     0.33143069     0.33143344  8.3166501e-06
     0.66833167     0.33044431     0.33044705  8.3166501e-06
     0.66933067      0.3294578     0.32946054  8.3166501e-06
     0.67032967     0.32847117      0.3284739  8.3166501e-06
     0.67132867     0.32748442     0.32748714  8.3166501e-06
     0.67232767     0.32649754     0.32650026  8.3166501e-06
     0.67332667     0.32551055     0.32551326  8.3166501e-06
     0.67432567     0.32452344     0.32452614  8.3166501e-06
     0.67532468     0.32353621      0.3235389  8.3166501e-06
     0.67632368     0.32254886     0.32255155  8.3166501e-06
     0.67732268      0.3215614     0.32156408  8.3166501e-06
     0.67832168     0.32057383     0.32057649  8.3166501e-06
     0.67932068     0.31958614     0.31958879  8.3166501e-06
     0.68031968     0.31859834     0.31860099  8.3166501e-06
     0.68131868     0.31761042     0.31761307  8.3166501e-06
     0.68231768      0.3166224     0.31662504  8.3166501e-06
     0.68331668     0.31563427      0.3156369  8.3166501e-06
     0.68431568     0.31464604     0.31464865  8.3166501e-06
     0.68531469     0.31365769      0.3136603  8.3166501e-06
     0.68631369     0.31266924     0.31267184  8.3166501e-06
     0.68731269     0.31168069     0.31168328  8.3166501e-06
     0.68831169     0.31069203     0.31069462  8.3166501e-06
     0.68931069     0.30970327     0.30970585  8.3166501e-06
     0.69030969     0.30871441     0.30871698  8.3166501e-06
     0.69130869     0.30772545     0.30772801  8.3166501e-06
     0.69230769     0.30673639     0.30673894  8.3166501e-06
     0.69330669     0.30574723     0.30574978  8.3166501e-06
     0.69430569     0.30475798     0.30476051  8.3166501e-06
      0.6953047     0.30376863     0.30377115  8.3166501e-06
      0.6963037     0.30277918      0.3027817  8.3166501e-06
      0.6973027     0.30178964     0.30179215  8.3166501e-06
      0.6983017         0.3008      0.3008025  8.3166501e-06
      0.6993007     0.29981027     0.29981277  8.3166501e-06
      0.7002997     0.29882045     0.29882294  8.3166501e-06
      0.7012987     0.29783054     0.29783302  8.3166501e-06
      0.7022977     0.29684054     0.29684301  8.3166501e-06
      0.7032967     0.29585046     0.29585292  8.3166501e-06
      0.7042957     0.29486028     0.29486273  8.3166501e-06
     0.70529471     0.29387001     0.29387246  8.3166501e-06
     0.70629371     0.29287966      0.2928821  8.3166501e-06
     0.70729271     0.29188923     0.29189166  8.3166501e-06
     0.70829171     0.29089871     0.29090113  8.3166501e-06
     0.70929071      0.2899081     0.28991051  8.3166501e-06
     0.71028971     0.28891742     0.28891982  8.3166501e-06
     0.71128871     0.28792665     0.28792904  8.3166501e-06
     0.71228771      0.2869358     0.28693818  8.3166501e-06
     0.71328671     0.28594486     0.28594724  8.3166501e-06
     0.71428571     0.28495385     0.28495622  8.3166501e-06
     0.71528472     0.28396276     0.28396513  8.3166501e-06
     0.71628372      0.2829716     0.28297395  8.3166501e-06
     0.71728272     0.28198035      0.2819827  8.3166501e-06
     0.71828172     0.28098903     0.28099137  8.3166501e-06
     0.71928072     0.27999763     0.27999996  8.3166501e-06
     0.72027972     0.27900616     0.27900848  8.3166501e-06
     0.72127872     0.27801461     0.27801692  8.3166501e-06
     0.72227772     0.27702299      0.2770253  8.3166501e-06
     0.72327672      0.2760313     0.27603359  8.3166501e-06
     0.72427572     0.27503953     0.27504182  8.3166501e-06
     0.72527473      0.2740477     0.27404998  8.3166501e-06
     0.72627373     0.27305579     0.27305806  8.3166501e-06
     0.72727273     0.27206381     0.27206607  8.3166501e-06
     0.72827173     0.27107177     0.27107402  8.3166501e-06
     0.72927073     0.27007965      0.2700819  8.3166501e-06
     0.73026973     0.26908747      0.2690897  8.3166501e-06
     0.73126873     0.26809522     0.26809745  8.3166501e-06
     0.73226773      0.2671029     0.26710512  8.3166501e-06
     0.73326673     0.26611052     0.26611273  8.3166501e-06
     0.73426573     0.26511807     0.26512027  8.3166501e-06
     0.73526474     0.26412556     0.26412775  8.3166501e-06
     0.73626374     0.26313298     0.26313517  8.3166501e-06
     0.73726274     0.26214034     0.26214252  8.3166501e-06
     0.73826174     0.26114764     0.26114981  8.3166501e-06
     0.73926074     0.26015487     0.26015703  8.3166501e-06
     0.74025974     0.25916204      0.2591642  8.3166501e-06
     0.74125874     0.25816916      0.2581713  8.3166501e-06
     0.74225774     0.25717621     0.25717835  8.3166501e-06
     0.74325674      0.2561832     0.25618533  8.3166501e-06
     0.74425574     0.25519014     0.25519226  8.3166501e-06
     0.74525475     0.25419701     0.25419913  8.3166501e-06
     0.74625375     0.25320383     0.25320594  8.3166501e-06
     0.74725275     0.25221059     0.25221269  8.3166501e-06
     0.74825175     0.25121729     0.25121938  8.3166501e-06
     0.74925075     0.25022394     0.25022602  8.3166501e-06
     0.75024975     0.24923053     0.24923261  8.3166501e-06
     0.75124875     0.24823707     0.24823913  8.3166501e-06
     0.75224775     0.24724355     0.24724561  8.3166501e-06
     0.75324675     0.24624998     0.24625203  8.3166501e-06
     0.75424575     0.24525636      0.2452584  8.3166501e-06
     0.75524476     0.24426268     0.24426471  8.3166501e-06
     0.75624376     0.24326895     0.24327097  8.3166501e-06
     0.75724276     0.24227516     0.24227718  8.3166501e-06
     0.75824176     0.24128133     0.24128334  8.3166501e-06
     0.75924076     0.24028745     0.24028944  8.3166501e-06
     0.76023976     0.23929351      0.2392955  8.3166501e-06
     0.76123876     0.23829953     0.23830151  8.3166501e-06
     0.76223776     0.23730549     0.23730747  8.3166501e-06
     0.76323676     0.23631141     0.23631338  8.3166501e-06
     0.76423576     0.23531728     0.23531924  8.3166501e-06
     0.76523477      0.2343231     0.23432505  8.3166501e-06
     0.76623377     0.23332887     0.23333081  8.3166501e-06
     0.76723277      0.2323346     0.23233653  8.3166501e-06
     0.76823177     0.23134028      0.2313422  8.3166501e-06
     0.76923077     0.23034591     0.23034783  8.3166501e-06
     0.77022977      0.2293515     0.22935341  8.3166501e-06
     0.77122877     0.22835705     0.22835895  8.3166501e-06
     0.77222777     0.22736255     0.22736444  8.3166501e-06
     0.77322677       0.226368     0.22636988  8.3166501e-06
     0.77422577     0.22537341     0.22537529  8.3166501e-06
     0.77522478     0.22437878     0.22438064  8.3166501e-06
     0.77622378      0.2233841     0.22338596  8.3166501e-06
     0.77722278     0.22238939     0.22239123  8.3166501e-06
     0.77822178     0.22139463     0.22139647  8.3166501e-06
     0.77922078     0.22039982     0.22040166  8.3166501e-06
     0.78021978     0.21940498     0.21940681  8.3166501e-06
     0.78121878      0.2184101     0.21841191  8.3166501e-06
     0.78221778     0.21741517     0.21741698  8.3166501e-06
     0.78321678     0.21642021     0.21642201  8.3166501e-06
     0.78421578     0.21542521       0.215427  8.3166501e-06
     0.78521479     0.21443016     0.21443195  8.3166501e-06
     0.78621379     0.21343508     0.21343686  8.3166501e-06
     0.78721279     0.21243996     0.21244173  8.3166501e-06
     0.78821179     0.21144481     0.21144656  8.3166501e-06
     0.78921079     0.21044961     0.21045136  8.3166501e-06
     0.79020979     0.20945438     0.20945612  8.3166501e-06
     0.79120879     0.20845911     0.20846084  8.3166501e-06
     0.79220779      0.2074638     0.20746553  8.3166501e-06
     0.79320679     0.20646846     0.20647018  8.3166501e-06
     0.79420579     0.20547308     0.20547479  8.3166501e-06
      0.7952048     0.20447767     0.20447937  8.3166501e-06
      0.7962038     0.20348222     0.20348391  8.3166501e-06
      0.7972028     0.20248673     0.20248842  8.3166501e-06
      0.7982018     0.20149121     0.20149289  8.3166501e-06
      0.7992008     0.20049566     0.20049733  8.3166501e-06
      0.8001998     0.19950008     0.19950174  8.3166501e-06
      0.8011988     0.19850446     0.19850611  8.3166501e-06
      0.8021978      0.1975088     0.19751045  8.3166501e-06
      0.8031968     0.19651312     0.19651475  8.3166501e-06
      0.8041958      0.1955174     0.19551903  8.3166501e-06
     0.80519481     0.19452165     0.19452327  8.3166501e-06
     0.80619381     0.19352587     0.19352748  8.3166501e-06
     0.80719281     0.19253006     0.19253166  8.3166501e-06
     0.80819181     0.19153421     0.19153581  8.3166501e-06
     0.80919081     0.19053834     0.19053992  8.3166501e-06
     0.81018981     0.18954243     0.18954401  8.3166501e-06
     0.81118881      0.1885465     0.18854806  8.3166501e-06
     0.81218781     0.18755053     0.18755209  8.3166501e-06
     0.81318681     0.18655454     0.18655609  8.3166501e-06
     0.81418581     0.18555851     0.18556005  8.3166501e-06
     0.81518482     0.18456246     0.18456399  8.3166501e-06
     0.81618382     0.18356637      0.1835679  8.3166501e-06
     0.81718282     0.18257026     0.18257178  8.3166501e-06
     0.81818182     0.18157412     0.18157563  8.3166501e-06
     0.81918082     0.18057796     0.18057946  8.3166501e-06
     0.82017982     0.17958176     0.17958326  8.3166501e-06
     0.82117882     0.17858554     0.17858703  8.3166501e-06
     0.82217782     0.17758929     0.17759077  8.3166501e-06
     0.82317682     0.17659301     0.17659448  8.3166501e-06
     0.82417582     0.17559671     0.17559817  8.3166501e-06
     0.82517483     0.17460038     0.17460184  8.3166501e-06
     0.82617383     0.17360403     0.17360547  8.3166501e-06
     0.82717283     0.17260765     0.17260908  8.3166501e-06
     0.82817183     0.17161124     0.17161267  8.3166501e-06
     0.82917083     0.17061481     0.17061623  8.3166501e-06
     0.83016983     0.16961835     0.16961976  8.3166501e-06
     0.83116883     0.16862187     0.16862327  8.3166501e-06
     0.83216783     0.16762537     0.16762676  8.3166501e-06
     0.83316683     0.16662884     0.16663022  8.3166501e-06
     0.83416583     0.16563228     0.16563366  8.3166501e-06
     0.83516484      0.1646357     0.16463707  8.3166501e-06
     0.83616384      0.1636391     0.16364046  8.3166501e-06
     0.83716284     0.16264248     0.16264383  8.3166501e-06
     0.83816184     0.16164583     0.16164718  8.3166501e-06
     0.83916084     0.16064916      0.1606505  8.3166501e-06
     0.84015984     0.15965247     0.15965379  8.3166501e-06
     0.84115884     0.15865575     0.15865707  8.3166501e-06
     0.84215784     0.15765901     0.15766032  8.3166501e-06
     0.84315684     0.15666225     0.15666356  8.3166501e-06
     0.84415584     0.15566547     0.15566677  8.3166501e-06
     0.84515485     0.15466867     0.15466996  8.3166501e-06
     0.84615385     0.15367184     0.15367312  8.3166501e-06
     0.84715285       0.152675     0.15267627  8.3166501e-06
     0.84815185     0.15167813     0.15167939  8.3166501e-06
     0.84915085     0.15068125      0.1506825  8.3166501e-06
     0.85014985     0.14968434     0.14968558  8.3166501e-06
     0.85114885     0.14868741     0.14868865  8.3166501e-06
     0.85214785     0.14769046     0.14769169  8.3166501e-06
     0.85314685     0.14669349     0.14669471  8.3166501e-06
     0.85414585     0.14569651     0.14569772  8.3166501e-06
     0.85514486      0.1446995      0.1447007  8.3166501e-06
     0.85614386     0.14370247     0.14370367  8.3166501e-06
     0.85714286     0.14270543     0.14270662  8.3166501e-06
     0.85814186     0.14170836     0.14170954  8.3166501e-06
     0.85914086     0.14071128     0.14071245  8.3166501e-06
     0.86013986     0.13971418     0.13971534  8.3166501e-06
     0.86113886     0.13871706     0.13871821  8.3166501e-06
     0.86213786     0.13771992     0.13772107  8.3166501e-06
     0.86313686     0.13672277      0.1367239  8.3166501e-06
     0.86413586     0.13572559     0.13572672  8.3166501e-06
     0.86513487      0.1347284     0.13472952  8.3166501e-06
     0.86613387     0.13373119      0.1337323  8.3166501e-06
     0.86713287     0.13273397     0.13273507  8.3166501e-06
     0.86813187     0.13173672     0.13173782  8.3166501e-06
     0.86913087     0.13073946     0.13074055  8.3166501e-06
     0.87012987     0.12974219     0.12974326  8.3166501e-06
     0.87112887     0.12874489     0.12874596  8.3166501e-06
     0.87212787     0.12774758     0.12774864  8.3166501e-06
     0.87312687     0.12675026     0.12675131  8.3166501e-06
     0.87412587     0.12575291     0.12575396  8.3166501e-06
     0.87512488     0.12475555     0.12475659  8.3166501e-06
     0.87612388     0.12375818     0.12375921  8.3166501e-06
     0.87712288     0.12276079     0.12276181  8.3166501e-06
     0.87812188     0.12176339      0.1217644  8.3166501e-06
     0.87912088     0.12076596     0.12076697  8.3166501e-06
     0.88011988     0.11976853     0.11976952  8.3166501e-06
     0.88111888     0.11877108     0.11877207  8.3166501e-06
     0.88211788     0.11777361     0.11777459  8.3166501e-06
     0.88311688     0.11677613      0.1167771  8.3166501e-06
     0.88411588     0.11577864      0.1157796  8.3166501e-06
     0.88511489     0.11478113     0.11478208  8.3166501e-06
     0.88611389      0.1137836     0.11378455  8.3166501e-06
     0.88711289     0.11278607       0.112787  8.3166501e-06
     0.88811189     0.11178851     0.11178944  8.3166501e-06
     0.88911089     0.11079095     0.11079187  8.3166501e-06
     0.89010989     0.10979337     0.10979428  8.3166501e-06
     0.89110889     0.10879578     0.10879668  8.3166501e-06
     0.89210789     0.10779817     0.10779907  8.3166501e-06
     0.89310689     0.10680055     0.10680144  8.3166501e-06
     0.89410589     0.10580292      0.1058038  8.3166501e-06
      0.8951049     0.10480527     0.10480614  8.3166501e-06
      0.8961039     0.10380761     0.10380847  8.3166501e-06
      0.8971029     0.10280994     0.10281079  8.3166501e-06
      0.8981019     0.10181225      0.1018131  8.3166501e-06
      0.8991009     0.10081456      0.1008154  8.3166501e-06
      0.9000999    0.099816848    0.099817678  8.3166501e-06
      0.9010989    0.098819126    0.098819948  8.3166501e-06
      0.9020979    0.097821392    0.097822205  8.3166501e-06
      0.9030969    0.096823646    0.096824451  8.3166501e-06
      0.9040959    0.095825888    0.095826685  8.3166501e-06
     0.90509491    0.094828118    0.094828906  8.3166501e-06
     0.90609391    0.093830336    0.093831117  8.3166501e-06
     0.90709291    0.092832543    0.092833315  8.3166501e-06
     0.90809191    0.091834739    0.091835502  8.3166501e-06
     0.90909091    0.090836923    0.090837678  8.3166501e-06
     0.91008991    0.089839095    0.089839842  8.3166501e-06
     0.91108891    0.088841257    0.088841996  8.3166501e-06
     0.91208791    0.087843408    0.087844138  8.3166501e-06
     0.91308691    0.086845547     0.08684627  8.3166501e-06
     0.91408591    0.085847676     0.08584839  8.3166501e-06
     0.91508492    0.084849794      0.0848505  8.3166501e-06
     0.91608392    0.083851902    0.083852599  8.3166501e-06
     0.91708292    0.082853999    0.082854688  8.3166501e-06
     0.91808192    0.081856086    0.081856767  8.3166501e-06
     0.91908092    0.080858162    0.080858835  8.3166501e-06
     0.92007992    0.079860229    0.079860893  8.3166501e-06
     0.92107892    0.078862285    0.078862941  8.3166501e-06
     0.92207792    0.077864331    0.077864979  8.3166501e-06
     0.92307692    0.076866367    0.076867007  8.3166501e-06
     0.92407592    0.075868394    0.075869025  8.3166501e-06
     0.92507493    0.074870411    0.074871034  8.3166501e-06
     0.92607393    0.073872418    0.073873033  8.3166501e-06
     0.92707293    0.072874416    0.072875022  8.3166501e-06
     0.92807193    0.071876404    0.071877002  8.3166501e-06
     0.92907093    0.070878384    0.070878973  8.3166501e-06
     0.93006993    0.069880354    0.069880935  8.3166501e-06
     0.93106893    0.068882314    0.068882887  8.3166501e-06
     0.93206793    0.067884266    0.067884831  8.3166501e-06
     0.93306693    0.066886209    0.066886765  8.3166501e-06
     0.93406593    0.065888143    0.065888691  8.3166501e-06
     0.93506494    0.064890068    0.064890608  8.3166501e-06
     0.93606394    0.063891985    0.063892516  8.3166501e-06
     0.93706294    0.062893893    0.062894416  8.3166501e-06
     0.93806194    0.061895792    0.061896307  8.3166501e-06
     0.93906094    0.060897683     0.06089819  8.3166501e-06
     0.94005994    0.059899566    0.059900064  8.3166501e-06
     0.94105894     0.05890144     0.05890193  8.3166501e-06
     0.94205794    0.057903307    0.057903788  8.3166501e-06
     0.94305694    0.056905165    0.056905638  8.3166501e-06
     0.94405594    0.055907015     0.05590748  8.3166501e-06
     0.94505495    0.054908857    0.054909314  8.3166501e-06
     0.94605395    0.053910692     0.05391114  8.3166501e-06
     0.94705295    0.052912518    0.052912959  8.3166501e-06
     0.94805195    0.051914337    0.051914769  8.3166501e-06
     0.94905095    0.050916149    0.050916572  8.3166501e-06
     0.95004995    0.049917953    0.049918368  8.3166501e-06
     0.95104895    0.048919749    0.048920156  8.3166501e-06
     0.95204795    0.047921538    0.047921936  8.3166501e-06
     0.95304695    0.046923319     0.04692371  8.3166501e-06
     0.95404595    0.045925094    0.045925476  8.3166501e-06
     0.95504496    0.044926861    0.044927235  8.3166501e-06
     0.95604396    0.043928621    0.043928986  8.3166501e-06
     0.95704296    0.042930374    0.042930731  8.3166501e-06
     0.95804196     0.04193212    0.041932469  8.3166501e-06
     0.95904096     0.04093386      0.0409342  8.3166501e-06
     0.96003996    0.039935592    0.039935924  8.3166501e-06
     0.96103896    0.038937318    0.038937641  8.3166501e-06
     0.96203796    0.037939036    0.037939352  8.3166501e-06
     0.96303696    0.036940749    0.036941056  8.3166501e-06
     0.96403596    0.035942455    0.035942753  8.3166501e-06
     0.96503497    0.034944154    0.034944444  8.3166501e-06
     0.96603397    0.033945847    0.033946129  8.3166501e-06
     0.96703297    0.032947533    0.032947807  8.3166501e-06
     0.96803197    0.031949213    0.031949479  8.3166501e-06
     0.96903097    0.030950887    0.030951145  8.3166501e-06
     0.97002997    0.029952555    0.029952804  8.3166501e-06
     0.97102897    0.028954217    0.028954457  8.3166501e-06
     0.97202797    0.027955872    0.027956105  8.3166501e-06
     0.97302697    0.026957522    0.026957746  8.3166501e-06
     0.97402597    0.025959166    0.025959381  8.3166501e-06
     0.97502498    0.024960803    0.024961011  8.3166501e-06
     0.97602398    0.023962435    0.023962635  8.3166501e-06
     0.97702298    0.022964062    0.022964253  8.3166501e-06
     0.97802198    0.021965682    0.021965865  8.3166501e-06
     0.97902098    0.020967297    0.020967471  8.3166501e-06
     0.98001998    0.019968906    0.019969072  8.3166501e-06
     0.98101898     0.01897051    0.018970668  8.3166501e-06
     0.98201798    0.017972108    0.017972258  8.3166501e-06
     0.98301698    0.016973701    0.016973842  8.3166501e-06
     0.98401598    0.015975289    0.015975421  8.3166501e-06
     0.98501499    0.014976871    0.014976995  8.3166501e-06
     0.98601399    0.013978448    0.013978564  8.3166501e-06
     0.98701299    0.012980019    0.012980127  8.3166501e-06
     0.98801199    0.011981586    0.011981686  8.3166501e-06
     0.98901099    0.010983147    0.010983239  8.3166501e-06
     0.99000999   0.0099847037   0.0099847867  8.3166501e-06
     0.99100899    0.008986255   0.0089863298  8.3166501e-06
     0.99200799   0.0079878014   0.0079878679  8.3166501e-06
     0.99300699   0.0069893429    0.006989401  8.3166501e-06
     0.99400599   0.0059908796   0.0059909294  8.3166501e-06
       0.995005   0.0049924114   0.0049924529  8.3166501e-06
       0.996004   0.0039939384   0.0039939717  8.3166501e-06
       0.997003   0.0029954608   0.0029954857  8.3166502e-06
       0.998002   0.0019969785   0.0019969951  8.3166501e-06
       0.999001  0.00099849152  0.00099849983  8.3166501e-06
              1              0              0              0