3700 1352100 1.545576e+09 300 1800 17300 193600 2021000 19704400 1.968657e+08 300 1300 12200 114500 1278400 12779900 1.291281e+08 
3900 897400 1.4454774e+09 300 1800 17500 181200 1961600 19603400 1.973258e+08 300 1300 12500 120300 1291200 12846400 1.307712e+08 
3600 894200 1.4784445e+09 400 1700 17600 161300 2057000 20129800 2.012868e+08 300 1300 13100 123000 1313700 12925800 1.301113e+08 
3800 905800 1.4701962e+09 400 1700 17600 195700 2004800 19958100 2.001892e+08 200 1400 12200 123100 1283300 12868700 1.308408e+08 
3600 1946000 1.4900903e+09 400 1800 18600 199300 2052900 20500400 2.055391e+08 300 1400 13900 127200 1360200 13191200 1.329874e+08 
4300 1219000 1.5167034e+09 600 1900 18600 189900 2067300 20877000 2.060596e+08 200 1400 13900 141600 1348100 13454300 1.410659e+08 
4300 1722600 1.5178566e+09 400 1700 17700 190200 2002000 20454600 2.069345e+08 300 1300 13300 127100 1344500 13113900 1.329675e+08 
4200 1859300 1.537512e+09 400 1900 18100 190800 2097300 20875600 2.077307e+08 200 1500 13600 138400 1349700 13457500 1.340659e+08 
4400 2274400 1.5249552e+09 600 1900 18600 193400 2051400 20438600 2.044389e+08 400 1500 13800 123200 1363600 13293300 1.316624e+08 
4200 2330800 1.5312143e+09 400 1800 18700 190900 2059800 20795700 2.065186e+08 300 1400 13900 123300 1349700 13591800 1.324402e+08 
4600 3007600 1.5398525e+09 400 1800 18100 202600 2059400 20864700 2.070857e+08 300 1400 14200 126300 1348400 13341800 1.326508e+08 
3800 1487200 1.5406817e+09 400 1800 17500 190900 2106300 20858000 2.062955e+08 200 1500 13600 126300 1356500 13300100 1.325684e+08 
4300 917600 1.5421193e+09 400 1700 18700 178100 2096900 20909900 2.070159e+08 200 1300 13400 123100 1350700 13461000 1.357493e+08 
3900 2464300 1.5593183e+09 400 1900 18600 206200 2161400 21387300 2.124508e+08 300 1400 13500 129600 1395100 13724300 1.336033e+08 
4200 1601900 1.55317e+09 400 1800 20100 196100 2100000 21348400 2.118699e+08 300 1500 13500 129600 1385400 13772100 1.359688e+08 
4200 1632700 1.5296255e+09 300 1800 18700 190200 2077100 20877700 2.076583e+08 300 1500 13400 126300 1346200 13447800 1.331516e+08 
3800 3207400 1.5504593e+09 400 2100 18800 168500 2113000 20946000 2.095912e+08 300 1300 13500 126400 1367100 13620400 1.334692e+08 
3900 2300400 1.5518134e+09 300 1800 18500 194900 2111100 21050800 2.08998e+08 400 1400 14100 129600 1378100 13500500 1.34068e+08 
4000 1108800 1.5576272e+09 400 2000 19600 207100 2162300 21512700 2.139778e+08 300 1500 14600 133100 1428000 13824800 1.370073e+08 
4200 1938500 1.6002163e+09 400 1900 18600 203000 2161800 21409500 2.098699e+08 300 1400 13900 133100 1380000 12760200 1.341796e+08 
4300 2159800 1.5520757e+09 300 1900 18600 197200 2102500 21079100 2.109088e+08 300 1500 13800 129600 1379900 13592200 1.354146e+08 
5200 3686800 1.5635686e+09 400 1800 17100 169500 2102800 21214700 2.091218e+08 300 1500 13100 138300 1380600 13549800 1.340901e+08 
4100 2170800 1.5549632e+09 400 1900 18600 196700 2134000 21155200 2.103716e+08 300 1500 13800 126300 1379200 13494000 1.354741e+08 
4200 2184400 1.5489146e+09 400 2000 19800 200900 2165200 21572200 2.147848e+08 300 1500 13400 130400 1380800 13968200 1.384171e+08 
4300 4281600 1.6116759e+09 400 1900 18600 182900 2102500 21201700 2.101686e+08 200 1500 13100 129600 1380300 13551800 1.353319e+08 
